Index TIME V(0) V(1) V(2)
0 1e-05 3.99999999808e-05 3.99999999787e-05 3.99999999701e-05
1 0.01002 0.0400606479219 0.0400585721294 0.0400499622728
2 0.02003 0.0799655064498 0.0799489538939 0.0798802711004
3 0.03004 0.119639357994 0.119583683417 0.119352516564
4 0.04005 0.158967894805 0.158836495989 0.158290408696
5 0.05006 0.197838168559 0.197582914516 0.196520819235
6 0.06007 0.236139033855 0.235700830617 0.233874802312
7 0.07008 0.273761583623 0.273071073336 0.270188587264
8 0.08009 0.310599574508 0.309577962492 0.305304536971
9 0.0901 0.346549840333 0.345109843775 0.339072065368
10 0.10011 0.381512691779 0.37955960281 0.371348508047
11 0.11012 0.415392300532 0.412825155493 0.401999940209
12 0.12013 0.448097066178 0.44480991206 0.43090193657
13 0.13014 0.47953996423 0.475423212472 0.457940268254
14 0.14015 0.509638873756 0.504580730861 0.483011532126
15 0.15016 0.53831688318 0.532204846945 0.5060237085
16 0.16017 0.565502572927 0.558224982494 0.526896643636
17 0.17018 0.591130273679 0.582577901124 0.545562453988
18 0.18019 0.615140299166 0.605207969885 0.561965849685
19 0.1902 0.637479152484 0.626067381312 0.576064375298
20 0.20021 0.658099705096 0.645116334837 0.587828566519
21 0.21022 0.676961347796 0.66232317664 0.597242021949
22 0.22023 0.694030113022 0.677664497292 0.604301389801
23 0.23024 0.709278768082 0.691125186714 0.609016269875
24 0.24025 0.722686878946 0.702698446248 0.611409031791
25 0.25026 0.734240844449 0.712385757834 0.611514551001
26 0.26027 0.743933900837 0.720196810541 0.60937986469
27 0.27028 0.751766096759 0.726149384908 0.605063750216
28 0.28029 0.757744238944 0.730269195781 0.598636229268
29 0.2903 0.761881808922 0.732589694574 0.59017800144
30 0.30031 0.764198851299 0.733151832053 0.579779811367
31 0.31032 0.764721834219 0.732003783006 0.567541754065
32 0.32033 0.763483482782 0.72920063433 0.55357252348
33 0.33034 0.760522586303 0.724804038256 0.537988609682
34 0.34035 0.755883780414 0.718881832661 0.520913450446
35 0.35036 0.749617305149 0.711507630531 0.502476543268
36 0.36037 0.741778740222 0.702760380852 0.482812524143
37 0.37038 0.732428718855 0.692723903339 0.46206021961
38 0.38039 0.721632621556 0.681486399537 0.440361678763
39 0.3904 0.709460251404 0.669139942977 0.417861192033
40 0.40041 0.695985492398 0.655779951168 0.394704303604
41 0.41042 0.681285952574 0.641504642303 0.371036824384
42 0.42043 0.66544259361 0.626414479621 0.347003852371
43 0.43044 0.648539348716 0.610611606475 0.322748807236
44 0.44045 0.630662730639 0.594199275138 0.298412485764
45 0.45046 0.611901431675 0.577281272472 0.274132144671
46 0.46047 0.59234591758 0.559961345557 0.250040617073
47 0.47048 0.572088017306 0.542342630392 0.226265468621
48 0.48049 0.551220510499 0.524527086766 0.202928199032
49 0.4905 0.52983671469 0.506614942329 0.180143494376
50 0.50051 0.508030074106 0.488704148893 0.158018535136
51 0.51052 0.485893752003 0.470889853871 0.136652364602
52 0.52053 0.463520228405 0.453263889707 0.116135321751
53 0.53054 0.441000905078 0.43591428405 0.0965485422644
54 0.54055 0.418425719555 0.418924793295 0.0779635308517
55 0.55056 0.395882769935 0.402374461994 0.0604418075214
56 0.56057 0.37345795214 0.386337210506 0.044034629904
57 0.57058 0.351234611245 0.370881453081 0.0287827931815
58 0.58059 0.329293208403 0.356069748416 0.0147165086149
59 0.5906 0.307711004815 0.341958484556 0.00185536109653
60 0.60061 0.286561764097 0.328597599793 -0.00979165441483
61 0.61062 0.265915474297 0.316030341051 -0.0202260182861
62 0.62063 0.245838090724 0.304293061027 -0.0294594946944
63 0.63064 0.226391300614 0.29341505514 -0.0375138650228
64 0.64065 0.207632310583 0.283418439135 -0.044420588515
65 0.65066 0.189613657662 0.274318067959 -0.0502203930591
66 0.66067 0.172383044619 0.266121496304 -0.0549627994597
67 0.67068 0.155983200124 0.25882898099 -0.0587055830283
68 0.68069 0.140451764212 0.252433525114 -0.0615141767641
69 0.6907 0.125821199349 0.246920963697 -0.0634610208024
70 0.70071 0.112118727291 0.242270090295 -0.0646248631852
71 0.71072 0.0993662917994 0.238452823852 -0.0650900173412
72 0.72073 0.087580547143 0.235434414833 -0.064945581964
73 0.73074 0.0767728721859 0.233173689464 -0.0642846292286
74 0.74075 0.0669494097495 0.231623330716 -0.063203367501
75 0.75076 0.0581111308011 0.230730194433 -0.0618002848605
76 0.76077 0.0502539229101 0.230435658859 -0.0601752798787
77 0.77078 0.0433687022922 0.230676005597 -0.0584287861692
78 0.78079 0.0374415486532 0.231382829893 -0.0566608972538
79 0.7908 0.0324538619357 0.23248347795 -0.0549704982677
80 0.80081 0.0283825399684 0.233901508851 -0.0534544109603
81 0.81082 0.0252001759251 0.235557178534 -0.0522065583351
82 0.82083 0.0228752744065 0.237367943124 -0.0513171551114
83 0.83084 0.0213724848767 0.239248978849 -0.0508719299902
84 0.84085 0.0206528511082 0.241113715647 -0.0509513854551
85 0.85086 0.0206740752223 0.242874381521 -0.0516301005585
86 0.86087 0.0213907948454 0.244442554622 -0.0529760818114
87 0.87088 0.0227548718544 0.245729720018 -0.0550501669357
88 0.88089 0.0247156911317 0.246647828045 -0.0579054858415
89 0.8909 0.0272204677193 0.247109851177 -0.0615869827651
90 0.90091 0.0302145607282 0.247030336309 -0.0661310030464
91 0.91092 0.0336417923414 0.246325949407 -0.0715649475499
92 0.92093 0.0374447702353 0.244916009503 -0.0779069972298
93 0.93094 0.0415652117438 0.242723009071 -0.0851659098233
94 0.94095 0.0459442680928 0.239673117898 -0.0933408901291
95 0.95096 0.0505228470476 0.235696667653 -0.102421534782
96 0.96097 0.0552419323385 0.23072861445 -0.112387851897
97 0.97098 0.0600428982608 0.224708976838 -0.123210355395
98 0.98099 0.0648678178842 0.217583246755 -0.134850233297
99 0.991 0.0696597633523 0.209302771174 -0.147259588718
100 1.00101 0.0743630968089 0.199825102268 -0.160381751757
101 1.01102 0.0789237505476 0.18911431415 -0.174151659995
102 1.02103 0.08328949505 0.177141284371 -0.188496304781
103 1.03104 0.0874101936531 0.163883938595 -0.203335240014
104 1.04105 0.0912380426647 0.14932745704 -0.218581149708
105 1.05106 0.0947277958365 0.133464441483 -0.234140470154
106 1.06107 0.0978369721899 0.11629504186 -0.249914062139
107 1.07108 0.100526046291 0.097827041674 -0.265797928289
108 1.08109 0.102758620166 0.0780759016951 -0.281683970315
109 1.0911 0.104501576158 0.0570647616112 -0.297460780608
110 1.10111 0.105725210126 0.0348243995537 -0.313014462424
111 1.11112 0.106403344496 0.0113931496294 -0.328229472674
112 1.12113 0.106513420798 -0.0131832221746 -0.342989481173
113 1.13114 0.106036571406 -0.0388516831236 -0.357178240091
114 1.14115 0.104957670343 -0.0655521390955 -0.370680457278
115 1.15116 0.103265363106 -0.0932176791362 -0.383382667103
116 1.16117 0.100952075575 -0.121774857972 -0.395174092469
117 1.17118 0.0980140021975 -0.151144015031 -0.405947491738
118 1.18119 0.094451073732 -0.181239628325 -0.415599984398
119 1.1912 0.0902669049458 -0.211970701364 -0.424033849466
120 1.20121 0.0854687227743 -0.24324118109 -0.431157290825
121 1.21122 0.0800672755349 -0.274950404638 -0.436885163908
122 1.22123 0.0740767238955 -0.306993572606 -0.441139658452
123 1.23124 0.067514514385 -0.339262246333 -0.443850932342
124 1.24125 0.0604012363211 -0.371644866584 -0.444957691913
125 1.25126 0.0527604631128 -0.404027290903 -0.444407714471
126 1.26127 0.0446185789697 -0.43629334682 -0.442158309219
127 1.27128 0.0360045921225 -0.468325397968 -0.43817671318
128 1.28129 0.0269499357196 -0.50000492014 -0.432440419215
129 1.2913 0.0174882576243 -0.531213084243 -0.424937433687
130 1.30131 0.00765520038493 -0.561831343041 -0.415666461843
131 1.31132 -0.00251182730638 -0.591742018616 -0.404637019487
132 1.32133 -0.0129738863144 -0.620828887403 -0.391869470058
133 1.33134 -0.0236907485439 -0.648977759723 -0.377394986734
134 1.34135 -0.0346211428046 -0.676077050728 -0.361255439743
135 1.35136 -0.0457230036493 -0.702018339738 -0.343503209564
136 1.36137 -0.0569537217669 -0.726696914989 -0.324200927244
137 1.37138 -0.0682703945196 -0.750012300925 -0.303421143567
138 1.38139 -0.0796300752226 -0.77186876521 -0.281245929316
139 1.3914 -0.0909900197807 -0.792175802781 -0.257766409336
140 1.40141 -0.102307929328 -0.810848594371 -0.233082233605
141 1.41142 -0.113542187538 -0.827808437063 -0.207300988926
142 1.42143 -0.124652091336 -0.842983144595 -0.180537555295
143 1.43144 -0.135598073748 -0.856307415277 -0.152913411374
144 1.44145 -0.146341917731 -0.867723165578 -0.124555893846
145 1.45146 -0.15684695984 -0.87717982761 -0.0955974157701
146 1.46147 -0.167078282676 -0.884634608919 -0.0661746493089
147 1.47148 -0.177002895127 -0.890052713216 -0.0364276784724
148 1.48149 -0.186589899484 -0.893407520866 -0.00649912770299
149 1.4915 -0.195810644602 -0.894680728188 0.0234667276944
150 1.50151 -0.204638864349 -0.893862444814 0.0533248631642
151 1.51152 -0.213050800688 -0.890951248606 0.08293041236
152 1.52153 -0.221025310812 -0.885954197829 0.112139574227
153 1.53154 -0.228543957865 -0.878886800529 0.140810513498
154 1.54155 -0.235591084848 -0.869772941267 0.168804248438
155 1.55156 -0.242153871446 -0.858644765616 0.19598551979
156 1.56157 -0.248222373569 -0.845542523029 0.222223634996
157 1.57158 -0.253789545535 -0.830514368916 0.247393281966
158 1.58159 -0.258851244885 -0.813616126985 0.271375306879
159 1.5916 -0.263406219952 -0.794911013112 0.294057450777
160 1.60161 -0.267456080388 -0.774469322214 0.315335039984
161 1.61162 -0.271005250934 -0.752368079782 0.335111625748
162 1.62163 -0.274060908837 -0.728690659928 0.353299568832
163 1.63164 -0.276632905391 -0.703526371984 0.369820565209
164 1.64165 -0.278733672168 -0.676970017839 0.384606109397
165 1.65166 -0.280378112601 -0.649121422366 0.397597892435
166 1.66167 -0.281583479627 -0.620084939438 0.408748131973
167 1.67168 -0.282369240227 -0.589968936143 0.418019832385
168 1.68169 -0.282756927706 -0.558885257938 0.425386973349
169 1.6917 -0.282769982677 -0.526948677579 0.43083462582
170 1.70171 -0.282433583734 -0.494276330737 0.434358994821
171 1.71172 -0.281774468866 -0.460987141289 0.435967389004
172 1.72173 -0.280820748721 -0.427201239332 0.435678117425
173 1.73174 -0.279601712837 -0.393039374985 0.433520314486
174 1.74175 -0.278147630043 -0.358622331074 0.429533694505
175 1.75176 -0.276489544194 -0.324070337807 0.423768237819
176 1.76177 -0.274659066492 -0.289502492516 0.416283810843
177 1.77178 -0.272688165599 -0.255036187525 0.407149722919
178 1.78179 -0.270608956805 -0.220786549142 0.396444223224
179 1.7918 -0.268453491463 -0.18686589074 0.384253941432
180 1.80181 -0.266253547951 -0.153383182774 0.370673276155
181 1.81182 -0.264040425349 -0.120443542517 0.355803735587
182 1.82183 -0.261844741041 -0.0881477461753 0.339753235034
183 1.83184 -0.259696233409 -0.0565917659378 0.322635356341
184 1.84185 -0.257623570741 -0.0258663343422 0.304568574432
185 1.85186 -0.255654167449 0.00394346176523 0.2856754564
186 1.86187 -0.253814008647 0.0327585555911 0.266081838755
187 1.87188 -0.252127484066 0.0605062411532 0.245915988548
188 1.88189 -0.250617232255 0.087120478695 0.225307754179
189 1.8919 -0.249303995927 0.112542163209 0.204387711751
190 1.90191 -0.248206489262 0.136719354719 0.183286312824
191 1.91192 -0.24734127789 0.159607469185 0.162133039372
192 1.92193 -0.246722672219 0.181169429098 0.141055571699
193 1.93194 -0.246362634666 0.201375773052 0.120178974912
194 1.94195 -0.246270701314 0.220204723823 0.0996249094139
195 1.95196 -0.246453918374 0.237642214666 0.0795108706788
196 1.96197 -0.246916793799 0.253681873805 0.0599494633279
197 1.97198 -0.247661264261 0.268324967312 0.0410477142716
198 1.98199 -0.248686677665 0.281580300765 0.0229064293732
199 1.992 -0.249989791224 0.293464080336 0.00561959776403
200 2.00201 -0.25156478509 0.30399973415 -0.0107261524158
201 2.01202 -0.253403291396 0.313217694989 -0.0260520434624
202 2.02203 -0.25549443851 0.321155145606 -0.0402875797508
203 2.03204 -0.257824910192 0.327855728127 -0.0533709190111
204 2.04205 -0.26037901929 0.333369219204 -0.0652491811131
205 2.05206 -0.263138795482 0.33775117278 -0.0758786926844
206 2.06207 -0.266084086549 0.341062532464 -0.085225166348
207 2.07208 -0.269192672533 0.343369215734 -0.0932638138325
208 2.08209 -0.272440392104 0.344741672274 -0.0999793926771
209 2.0921 -0.275801280369 0.345254418943 -0.10536618672
210 2.10211 -0.279247717295 0.344985553952 -0.10942792103
211 2.11212 -0.282750585871 0.344016252972 -0.112177612382
212 2.12213 -0.286279439067 0.342430249975 -0.113637356854
213 2.13214 -0.289802674601 0.340313305676 -0.113838056516
214 2.14215 -0.293287716506 0.337752666552 -0.112819087631
215 2.15216 -0.296701202404 0.3348365174 -0.110627913169
216 2.16217 -0.300009175426 0.331653430496 -0.107319642814
217 2.17218 -0.303177279637 0.328291814372 -0.102956543977
218 2.18219 -0.306170957848 0.324839365277 -0.0976075076932
219 2.1922 -0.308955650659 0.321382524332 -0.0913474735032
220 2.20221 -0.311496995596 0.318005943384 -0.084256817761
221 2.21222 -0.313761025181 0.314791962498 -0.0764207099686
222 2.22223 -0.315714362815 0.311820101962 -0.0679284419747
223 2.23224 -0.317324415336 0.309166571613 -0.0588727350132
224 2.24225 -0.318559561167 0.306903800172 -0.0493490296836
225 2.25226 -0.319389332969 0.305099987187 -0.039454764058
226 2.26227 -0.319784593771 0.303818680051 -0.0292886451448
227 2.27228 -0.319717705573 0.30311837841 -0.0189499189494
228 2.28229 -0.31916268948 0.303052168151 -0.00853764433878
229 2.2923 -0.318095376458 0.303667386983 0.00185002414539
230 2.30231 -0.316493547862 0.305005323442 0.0121165394879
231 2.31232 -0.314337064977 0.307100950989 0.0221676465137
232 2.32233 -0.311607986827 0.309982698662 0.0319120425878
233 2.33234 -0.308290675612 0.313672259548 0.0412620101797
234 2.34235 -0.304371889214 0.31818443814 0.0501340170085
235 2.35236 -0.299840860242 0.323527037416 0.0584492797511
236 2.36237 -0.294689361223 0.329700786279 0.066134287589
237 2.37238 -0.288911755584 0.336699307765 0.0731212821884
238 2.38239 -0.282505034169 0.344509128204 0.0793486910481
239 2.3924 -0.275468837129 0.353109727304 0.0847615115117
240 2.40241 -0.267805461089 0.36247362889 0.0893116431161
241 2.41242 -0.259519851586 0.372566531829 0.0929581663427
242 2.42243 -0.250619580877 0.383347480428 0.0956675662385
243 2.43244 -0.241114811275 0.394769073402 0.0974138997866
244 2.44245 -0.231018244262 0.406777710278 0.0981789063231
245 2.45246 -0.220345055727 0.419313873911 0.0979520607134
246 2.46247 -0.20911281773 0.432312447585 0.0967305694221
247 2.47248 -0.19734140729 0.445703064977 0.0945193100217
248 2.48249 -0.185052902774 0.459410491106 0.0913307150938
249 2.4925 -0.172271468498 0.473355032186 0.087184601873
250 2.50251 -0.159023228281 0.487452972173 0.0821079493685
251 2.51252 -0.145336128691 0.501617033636 0.0761346250667
252 2.52253 -0.131239792833 0.515756860453 0.0693050636693
253 2.53254 -0.116765365547 0.529779519713 0.0616659006529
254 2.54255 -0.101945350949 0.543590020098 0.0532695637419
255 2.55256 -0.0868134433026 0.557091843931 0.0441738256715
256 2.56257 -0.0714043522104 0.57018749 0.0344413218727
257 2.57258 -0.0557536231911 0.582779024209 0.0241390369389
258 2.58259 -0.0398974546968 0.594768635056 0.0133377639328
259 2.5926 -0.0238725126655 0.606059190928 0.0021115407566
260 2.60261 -0.00771574371033 0.616554796165 -0.00946293205327
261 2.61262 0.00853581194762 0.626161342881 -0.0213068876485
262 2.62263 0.0248452066932 0.634787055522 -0.0333400987777
263 2.63264 0.0411757697758 0.642343025203 -0.0454814887201
264 2.64265 0.0574912885239 0.648743730902 -0.0576497426792
265 2.65266 0.073756185444 0.653907544666 -0.0697639151064
266 2.66267 0.0899356901605 0.657757218076 -0.0817440284902
267 2.67268 0.105996005183 0.660220347294 -0.0935116592446
268 2.68269 0.121904464524 0.661229814163 -0.10499050646
269 2.6927 0.137629684238 0.660724200928 -0.116106939444
270 2.70271 0.153141703994 0.658648176297 -0.126790520155
271 2.71272 0.168412118854 0.654952850735 -0.136974496879
272 2.72273 0.183414200489 0.649596099001 -0.146596265694
273 2.73274 0.198123007123 0.642542848166 -0.155597796578
274 2.74275 0.212515481559 0.633765329501 -0.163926021287
275 2.75276 0.22657053674 0.623243292819 -0.171533180409
276 2.76277 0.240269128319 0.610964182082 -0.178377127379
277 2.77278 0.253594313862 0.596923271249 -0.184421587519
278 2.78279 0.266531298313 0.581123759599 -0.18963637056
279 2.7928 0.279067465493 0.563576825944 -0.193997535427
280 2.80281 0.291192395463 0.544301641385 -0.197487506464
281 2.81282 0.302897867654 0.523325340491 -0.200095140621
282 2.82283 0.314177849787 0.500682950974 -0.201815745491
283 2.83284 0.325028472658 0.4764172822 -0.202651048489
284 2.84285 0.335447990982 0.45057877305 -0.202609117764
285 2.85286 0.345436730531 0.423225299904 -0.201704235862
286 2.86287 0.354997021934 0.394421945695 -0.199956727437
287 2.87288 0.364133121564 0.36424073123 -0.197392742691
288 2.88289 0.372851119997 0.332760310125 -0.194043998514
289 2.8929 0.381158838653 0.300065628962 -0.189947479597
290 2.90291 0.389065715259 0.266247554389 -0.185145102093
291 2.91292 0.396582678869 0.231402469119 -0.179683342637
292 2.92293 0.403722015226 0.195631838922 -0.173612835792
293 2.93294 0.410497223329 0.159041752858 -0.166987943192
294 2.94295 0.416922864104 0.121742439156 -0.159866297851
295 2.95296 0.423014402162 0.0838477592598 -0.152308327248
296 2.96297 0.428788041624 0.0454746826846 -0.144376758958
297 2.97298 0.434260557084 0.00674274543371 -0.136136112683
298 2.98299 0.439449120788 -0.0322265052012 -0.127652182608
299 2.993 0.444371127127 -0.0713100765459 -0.118991514075
300 3.00301 0.449044015596 -0.110384104197 -0.110220878556
301 3.01302 0.453485093349 -0.149324430421 -0.10140675091
302 3.02303 0.457711358519 -0.18800718428 -0.0926147928429
303 3.03304 0.461739325448 -0.226309360432 -0.0839093464446
304 3.04305 0.465584852994 -0.264109393611 -0.0753529415483
305 3.05306 0.469262977033 -0.301287725748 -0.0670058205387
306 3.06307 0.472787748306 -0.337727362805 -0.0589254840834
307 3.07308 0.47617207668 -0.373314418396 -0.0511662610738
308 3.08309 0.479427582902 -0.407938641366 -0.0437789058624
309 3.0931 0.482564458871 -0.441493924585 -0.0368102256581
310 3.10311 0.4855913374 -0.473878792315 -0.0303027406926
311 3.11312 0.488515172407 -0.504996863599 -0.024294379513
312 3.12313 0.491341130407 -0.534757289305 -0.0188182114714
313 3.13314 0.494072494116 -0.563075160532 -0.0139022181952
314 3.14315 0.49671057891 -0.589871886297 -0.00956910551485
315 3.15316 0.499254662818 -0.615075538554 -0.00583615701531
316 3.16317 0.501701930644 -0.638621162772 -0.0027151300568
317 3.17318 0.504047432731 -0.660451052511 -0.000212194789822
318 3.18319 0.506284058814 -0.680514986592 0.00167208363736
319 3.1932 0.508402527295 -0.698770427674 0.00294271980327
320 3.20321 0.510391390203 -0.71518268128 0.00361024011528
321 3.21322 0.512237054012 -0.729725014468 0.00369057304958
322 3.22323 0.513923816385 -0.742378733625 0.00320489859665
323 3.23324 0.515433918821 -0.753133221033 0.00217945827696
324 3.24325 0.516747615096 -0.761985930095 0.000645327376006
325 3.25326 0.517843255286 -0.76894233933 -0.0013618486813
326 3.26327 0.518697385068 -0.774015865462 -0.00380215164325
327 3.27328 0.519284859896 -0.777227736139 -0.00663171902078
328 3.28329 0.519578973581 -0.778606823052 -0.00980310132727
329 3.2933 0.519551600667 -0.778189436416 -0.0132656451468
330 3.30331 0.519173351963 -0.776019081981 -0.0169658990362
331 3.31332 0.518413742474 -0.772146181961 -0.0208480391165
332 3.32333 0.51724137089 -0.766627761425 -0.0248543110856
333 3.33334 0.515624109742 -0.759527101916 -0.0289254852825
334 3.34335 0.513529305232 -0.750913364194 -0.0330013213617
335 3.35336 0.510923985705 -0.740861182212 -0.0370210390882
336 3.36337 0.507775077639 -0.729450230526 -0.0409237917404
337 3.37338 0.504049628012 -0.716764767541 -0.0446491386174
338 3.38339 0.499715031804 -0.702893157072 -0.0481375131731
339 3.3934 0.494739263405 -0.687927370827 -0.0513306833607
340 3.40341 0.489091110614 -0.671962474544 -0.0541722008501
341 3.41342 0.482740409919 -0.655096100551 -0.056607835888
342 3.42343 0.475658281698 -0.637427909614 -0.0585859946987
343 3.43344 0.467817363993 -0.619059045007 -0.0600581164747
344 3.44345 0.459192043469 -0.60009158173 -0.06097904718
345 3.45346 0.449758682205 -0.580627973861 -0.0613073875757
346 3.46347 0.439495838934 -0.560770503031 -0.0610058130924
347 3.47348 0.428384483392 -0.540620730967 -0.0600413633925
348 3.48349 0.416408202445 -0.520278959067 -0.0583856997092
349 3.4935 0.403553396695 -0.499843697896 -0.0560153282976
350 3.50351 0.3898094663 -0.479411149446 -0.0529117885953
351 3.51352 0.375168984788 -0.459074704933 -0.0490618049599
352 3.52353 0.359627859712 -0.438924460806 -0.0444574011262
353 3.53354 0.343185479009 -0.419046755546 -0.039095976806
354 3.54355 0.325844842047 -0.399523729727 -0.0329803461339
355 3.55356 0.307612674371 -0.380432911655 -0.0261187379456
356 3.56357 0.288499525242 -0.361846830793 -0.0185247581522
357 3.57358 0.268519847178 -0.343832660993 -0.0102173147489
358 3.58359 0.247692056745 -0.326451895423 -0.00122050626581
359 3.5936 0.22603857597 -0.309760054869 0.00843652527483
360 3.60361 0.203585853844 -0.293806430946 0.0187197755793
361 3.61362 0.180364367465 -0.278633865526 0.0295905919294
362 3.62363 0.156408602481 -0.264278567517 0.0410059178816
363 3.63364 0.131757012621 -0.250769967907 0.0529185668359
364 3.64365 0.106451958168 -0.23813061379 0.0652775223004
365 3.65366 0.0805396233794 -0.226376101871 0.0780282625075
366 3.66367 0.0540699129437 -0.215515051725 0.0911131068812
367 3.67368 0.0270963276866 -0.205549118891 0.104471581723
368 3.68369 -0.000324180154173 -0.196473047639 0.118040802374
369 3.6937 -0.0281313716529 -0.188274763053 0.131755869009
370 3.70371 -0.0562619053786 -0.180935501835 0.145550273178
371 3.71372 -0.0846495403884 -0.174429981063 0.15935631212
372 3.72373 -0.113225357279 -0.168726603883 0.173105507892
373 3.73374 -0.141917996441 -0.163787700953 0.186729028347
374 3.74375 -0.170653912565 -0.159569806248 0.200158106979
375 3.75376 -0.199357644345 -0.156023965643 0.213324458756
376 3.76377 -0.227952098255 -0.153096076523 0.226160689085
377 3.77378 -0.256358845166 -0.150727256502 0.238600693137
378 3.78379 -0.284498428509 -0.148854239168 0.250580042906
379 3.7938 -0.312290682609 -0.147409794634 0.262036359436
380 3.80381 -0.33965505975 -0.146323172525 0.272909667863
381 3.81382 -0.366510964484 -0.145520564942 0.283142733008
382 3.82383 -0.392778093606 -0.144925586797 0.292681373486
383 3.83384 -0.418376780236 -0.144459770848 0.301474752443
384 3.84385 -0.443228340347 -0.144043074673 0.309475643251
385 3.85386 -0.467255420087 -0.143594396771 0.316640668696
386 3.86387 -0.490382342221 -0.143032098898 0.322930512402
387 3.87388 -0.512535449987 -0.142274531755 0.328310101467
388 3.88389 -0.533643446682 -0.141240561099 0.332748759509
389 3.8939 -0.553637729269 -0.139850091355 0.336220329558
390 3.90391 -0.572452714343 -0.138024583825 0.338703266443
391 3.91392 -0.590026154791 -0.13568756661 0.34018069859
392 3.92393 -0.606299445522 -0.132765133433 0.340640459329
393 3.93394 -0.621217916676 -0.129186428564 0.340075088082
394 3.94395 -0.634731112785 -0.124884115186 0.33848180198
395 3.95396 -0.646793056388 -0.119794824575 0.335862438703
396 3.96397 -0.657362494691 -0.113859583606 0.332223371509
397 3.97398 -0.66640312792 -0.107024218215 0.327575397632
398 3.98399 -0.673883818092 -0.0992397305475 0.321933601403
399 3.994 -0.679778777022 -0.0904626477063 0.315317193605
400 4.00401 -0.684067732479 -0.0806553401466 0.30774932873
401 4.01402 -0.686736071482 -0.0697863079241 0.299256901956
402 4.02403 -0.687774959847 -0.0578304331946 0.289870327748
403 4.03404 -0.687181437217 -0.0447691975351 0.279623302137
404 4.04405 -0.684958486872 -0.0305908628503 0.268552550767
405 4.05406 -0.681115079804 -0.0152906148269 0.256697564902
406 4.06407 -0.675666192586 0.00112933189887 0.244100327615
407 4.07408 -0.668632798755 0.0186596674888 0.230805032424
408 4.08409 -0.660041833508 0.0372839599805 0.216857796635
409 4.0941 -0.649926131665 0.0569786678988 0.202306371653
410 4.10411 -0.638324338961 0.0777131923903 0.187199852509
411 4.11412 -0.625280796875 0.0994499686542 0.171588388767
412 4.12413 -0.610845401332 0.122144596233 0.155522898976
413 4.13414 -0.595073435718 0.145746007511 0.139054790688
414 4.14415 -0.57802537881 0.170196673574 0.122235688026
415 4.15416 -0.559766688317 0.195432846352 0.105117168634
416 4.16417 -0.540367560867 0.221384835826 0.0877505117599
417 4.17418 -0.519902669389 0.247977320807 0.0701864590569
418 4.18419 -0.49845087894 0.275129691715 0.0524749895552
419 4.1942 -0.476094942163 0.302756423509 0.0346651101116
420 4.20421 -0.452921175633 0.330767476841 0.0168046624661
421 4.21422 -0.429019118478 0.359068725309 -0.00105985212731
422 4.22423 -0.404481174729 0.387562406541 -0.018883429903
423 4.23424 -0.379402240954 0.416147594745 -0.0366227026086
424 4.24425 -0.353879320799 0.444720692206 -0.0542360561199
425 4.25426 -0.32801112814 0.473175937141 -0.0716837293976
426 4.26427 -0.301897680602 0.501405925206 -0.0889278937168
427 4.27428 -0.275639885262 0.529302141898 -0.105932712278
428 4.28429 -0.249339118396 0.556755503019 -0.122664380487
429 4.2943 -0.223096801169 0.583656900342 -0.139091147353
430 4.30431 -0.197013973191 0.609897749563 -0.155183318624
431 4.31432 -0.171190865886 0.635370537648 -0.170913242429
432 4.32433 -0.145726477622 0.659969366651 -0.186255278338
433 4.33434 -0.120718152561 0.68359049112 -0.201185750892
434 4.34435 -0.0962611651693 0.706132846227 -0.215682888782
435 4.35436 -0.0724483123104 0.727498563826 -0.229726750932
436 4.36437 -0.0493695148153 0.747593473682 -0.243299140905
437 4.37438 -0.0271114303935 0.766327587218 -0.256383511053
438 4.38439 -0.00575707968894 0.783615561199 -0.268964857964
439 4.3944 0.0146145127611 0.799377138897 -0.28102961078
440 4.40441 0.0339286609746 0.813537566388 -0.292565514005
441 4.41442 0.0521153417633 0.82602798177 -0.303561506438
442 4.42443 0.0691094992244 0.836785775235 -0.314007597889
443 4.43444 0.0848513280368 0.845754918086 -0.323894745295
444 4.44445 0.0992865342096 0.85288625895 -0.333214729868
445 4.45446 0.112366572033 0.858137785615 -0.341960036827
446 4.46447 0.124048856089 0.861474851111 -0.350123739241
447 4.47448 0.134296947296 0.862870362828 -0.357699387423
448 4.48449 0.14308071208 0.862304933677 -0.36468090524
449 4.4945 0.150376453888 0.859766994496 -0.371062494606
450 4.50451 0.156167016389 0.855252867112 -0.376838549334
451 4.51452 0.160441857843 0.848766797667 -0.382003579371
452 4.52453 0.16319709624 0.840320950049 -0.386552146359
453 4.53454 0.164435524976 0.829935359468 -0.390478811288
454 4.54455 0.164166598924 0.817637846423 -0.393778094911
455 4.55456 0.162406390952 0.80346389153 -0.396444451395
456 4.56457 0.159177519034 0.787456471884 -0.398472255571
457 4.57458 0.154509044266 0.769665859825 -0.399855803978
458 4.58459 0.148436340217 0.750149385184 -0.400589329737
459 4.5946 0.141000934198 0.728971162284 -0.400667031139
460 4.60461 0.132250321147 0.706201783137 -0.400083113687
461 4.61462 0.122237750975 0.681917978482 -0.398831845168
462 4.62463 0.111021990324 0.656202248456 -0.396907623193
463 4.63464 0.0986670598234 0.629142464872 -0.3943050545
464 4.64465 0.0852419480425 0.600831447197 -0.391019045184
465 4.65466 0.0708203034472 0.571366514495 -0.387044900884
466 4.66467 0.0554801057669 0.5408490157 -0.38237843586
467 4.67468 0.0393033182843 0.509383840708 -0.377016089758
468 4.68469 0.0223755226439 0.477078914874 -0.370955050793
469 4.6947 0.00478553785896 0.444044679582 -0.364193383987
470 4.70471 -0.0133749747289 0.410393561633 -0.356730163022
471 4.71472 -0.0320119187177 0.37623943425 -0.348565604227
472 4.72473 -0.0510291802646 0.341697072535 -0.339701201157
473 4.73474 -0.0703290541332 0.306881606245 -0.330139858221
474 4.74475 -0.0898126762045 0.271907972766 -0.319886021772
475 4.75476 -0.109380460461 0.236890373145 -0.308945807096
476 4.76477 -0.128932538429 0.201941734048 -0.297327119751
477 4.77478 -0.148369199067 0.167173178433 -0.285039769727
478 4.78479 -0.167591327065 0.13269350773 -0.27209557696
479 4.7948 -0.18650083755 0.0986086982052 -0.258508466777
480 4.80481 -0.205001105214 0.0650214141374 -0.244294553946
481 4.81482 -0.222997385882 0.0320305403282 -0.229472214062
482 4.82483 -0.240397228607 -0.000269263633859 -0.214062141131
483 4.83484 -0.257110876419 -0.0317879850603 -0.198087390296
484 4.84485 -0.273051653886 -0.0624406536351 -0.181573404801
485 4.85486 -0.288136339761 -0.0921477086502 -0.164548026388
486 4.86487 -0.302285523002 -0.120835336139 -0.147041488487
487 4.87488 -0.315423940588 -0.148435774204 -0.129086391695
488 4.88489 -0.327480795608 -0.174887585009 -0.11071766119
489 4.8949 -0.33839005421 -0.20013589209 -0.0919724858949
490 4.90491 -0.348090720102 -0.224132581823 -0.0728902393464
491 4.91492 -0.356527085397 -0.246836468082 -0.0535123824116
492 4.92493 -0.363648956723 -0.268213419327 -0.0338823481359
493 4.93494 -0.369411855622 -0.288236447551 -0.0140454091802
494 4.94495 -0.373777192396 -0.306885758735 0.00595147154131
495 4.95496 -0.376712412701 -0.324148764658 0.0260598062534
496 4.96497 -0.378191116277 -0.340020056122 0.046229762824
497 4.97498 -0.378193147394 -0.354501337862 0.0664103593183
498 4.98499 -0.376704656687 -0.367601325599 0.0865496714057
499 4.995 -0.3737181342 -0.37933560593 0.106595051295
500 5.00501 -0.369232413612 -0.389726459921 0.126493356759
501 5.01502 -0.363252647739 -0.398802651459 0.1461911887
502 5.02503 -0.355790255546 -0.406599181644 0.165635135624
503 5.03504 -0.346862841045 -0.41315701064 0.184772023301
504 5.04505 -0.336494084577 -0.4185227486 0.203549167832
505 5.05506 -0.324713607117 -0.422748317444 0.221914630292
506 5.06507 -0.311556808368 -0.425890585419 0.23981747107
507 5.07508 -0.297064679512 -0.428010976513 0.257208002029
508 5.08509 -0.281283591639 -0.429175056923 0.274038034588
509 5.0951 -0.264265060951 -0.429452100921 0.290261121837
510 5.10511 -0.246065491979 -0.428914638532 0.305832792844
511 5.11512 -0.226745900122 -0.427637987566 0.320710777332
512 5.12513 -0.206371614926 -0.425699772607 0.334855218984
513 5.13514 -0.18501196562 -0.423179433638 0.348228875688
514 5.14515 -0.162739950462 -0.420157727035 0.360797305138
515 5.15516 -0.13963189158 -0.416716221672 0.372529034319
516 5.16517 -0.115767077 -0.412936792959 0.383395711476
517 5.17518 -0.0912273916345 -0.408901117579 0.393372239358
518 5.18519 -0.0660969390541 -0.404690171716 0.402436888619
519 5.1952 -0.0404616558833 -0.400383735545 0.41057139042
520 5.20521 -0.0144089207001 -0.396059906703 0.417761007461
521 5.21522 0.011972840667 -0.391794625406 0.423994582792
522 5.22523 0.0385945515421 -0.387661213829 0.429264565975
523 5.23524 0.0653668806052 -0.38372993226 0.4335670163
524 5.24525 0.092200636006 -0.380067554468 0.436901582984
525 5.25526 0.119007155518 -0.376736964586 0.439271462431
526 5.26527 0.145698690893 -0.373796777736 0.440683332835
527 5.27528 0.172188784617 -0.37130098644 0.441147266581
528 5.28529 0.198392637304 -0.369298634747 0.44067662109
529 5.2953 0.224227464041 -0.367833521858 0.43928790892
530 5.30531 0.249612838033 -0.366943936842 0.437000648105
531 5.31532 0.274471020003 -0.366662425887 0.433837193905
532 5.32533 0.29872727184 -0.367015593343 0.429822553237
533 5.33534 0.322310153114 -0.368023937624 0.424984183283
534 5.34535 0.345151799143 -0.36970172285 0.419351775821
535 5.35536 0.367188179406 -0.37205688692 0.412957029018
536 5.36537 0.388359335197 -0.375090986487 0.405833408483
537 5.37538 0.408609595525 -0.378799179129 0.398015899504
538 5.38539 0.42788777039 -0.383170242783 0.389540752456
539 5.3954 0.446147320654 -0.38818663233 0.380445223425
540 5.40541 0.463346503883 -0.393824572993 0.370767312165
541 5.41542 0.479448495626 -0.40005419002 0.360545499503
542 5.42543 0.494421485749 -0.406839673935 0.349818486333
543 5.43544 0.50823874956 -0.414139480417 0.338624936344
544 5.44545 0.520878693568 -0.421906563722 0.327003224581
545 5.45546 0.532324875889 -0.430088642338 0.314991193908
546 5.46547 0.542566001397 -0.438628495411 0.302625921389
547 5.47548 0.551595891872 -0.447464288311 0.289943496511
548 5.48549 0.559413431506 -0.456529925543 0.276978813087
549 5.4955 0.566022488252 -0.465755429059 0.26376537658
550 5.50551 0.571431811627 -0.475067339896 0.250335128437
551 5.51552 0.575654907688 -0.484389140933 0.23671828891
552 5.52553 0.578709892008 -0.493641698444 0.222943219668
553 5.53554 0.580619321583 -0.502743720026 0.20903630737
554 5.54555 0.581410006726 -0.511612226399 0.195021869139
555 5.55556 0.581112804051 -0.520163034471 0.18092208077
556 5.56557 0.579762391791 -0.528311249051 0.166756928229
557 5.57558 0.57739702873 -0.535971760483 0.152544182877
558 5.58559 0.574058298139 -0.543059745505 0.138299400589
559 5.5956 0.569790838148 -0.549491168565 0.124035944772
560 5.60561 0.56464206006 -0.55518328087 0.109765033058
561 5.61562 0.558661856151 -0.56005511441 0.0954958072414
562 5.62563 0.551902298567 -0.564027968279 0.0812354258328
563 5.63564 0.544417330932 -0.567025884597 0.0669891783887
564 5.64565 0.536262454322 -0.568976111458 0.052760620585
565 5.65566 0.527494409301 -0.56980955033 0.0385517288113
566 5.66567 0.518170855666 -0.569461185481 0.0243630728798
567 5.67568 0.508350051612 -0.567870493064 0.0101940052735
568 5.68569 0.498090533975 -0.564981827599 -0.00395713480254
569 5.6957 0.487450801214 -0.56074478375 -0.0180928044486
570 5.70571 0.476489000755 -0.555114531387 -0.0322160291904
571 5.71572 0.465262622307 -0.548052122086 -0.0463301663216
572 5.72573 0.453828198685 -0.539524765378 -0.0604386616983
573 5.73574 0.442241015661 -0.52950607321 -0.0745448022953
574 5.74575 0.430554832279 -0.517976271254 -0.0886514668993
575 5.75576 0.418821613019 -0.504922375883 -0.102760877354
576 5.76577 0.407091273119 -0.490338335821 -0.116874352802
577 5.77578 0.395411438291 -0.474225137646 -0.130992069359
578 5.78579 0.383827219977 -0.456590874541 -0.145112827663
579 5.7958 0.372381007201 -0.437450777873 -0.159233830673
580 5.80581 0.361112275991 -0.416827211376 -0.173350474054
581 5.81582 0.350057417227 -0.394749627931 -0.187456151414
582 5.82583 0.339249583685 -0.371254489117 -0.201542076525
583 5.83584 0.328718556932 -0.346385147918 -0.215597124597
584 5.84585 0.318490634616 -0.320191695168 -0.22960769448
585 5.85586 0.308588538597 -0.292730770503 -0.243557593573
586 5.86587 0.299031344229 -0.26406533879 -0.257427946995
587 5.87588 0.289834431016 -0.234264433172 -0.271197132445
588 5.88589 0.281009454725 -0.203402866061 -0.284840741923
589 5.8959 0.272564340946 -0.171560909579 -0.298331571328
590 5.90591 0.264503299955 -0.138823947097 -0.311639638678
591 5.91592 0.25682686265 -0.105282097694 -0.324732231505
592 5.92593 0.249531937177 -0.0710298154897 -0.337573983724
593 5.93594 0.242611885819 -0.0361654659466 -0.350126982021
594 5.94595 0.23605662154 -0.000790881347068 -0.362350901585
595 5.95596 0.229852723541 0.0349891022243 -0.374203170734
596 5.96597 0.223983571048 0.0710671239756 -0.385639163744
597 5.97598 0.218429494473 0.107333791074 -0.396612420966
598 5.98599 0.213167943001 0.143678182304 -0.407074895022
599 5.996 0.208173667572 0.179988360092 -0.416977221702
600 6.00601 0.20341891815 0.216151888207 -0.426269013894
601 6.01602 0.198873654105 0.252056352445 -0.434899176705
602 6.02603 0.194505766468 0.287589881575 -0.442816241695
603 6.03604 0.190281310756 0.322641665811 -0.449968717985
604 6.04605 0.186164749036 0.357102470137 -0.456305457787
605 6.05606 0.182119199818 0.390865139782 -0.461776033773
606 6.06607 0.178106694381 0.423825095221 -0.466331125545
607 6.07608 0.174088438066 0.455880814146 -0.46992291234
608 6.08609 0.170025075069 0.486934297876 -0.472505469034
609 6.0961 0.165876955278 0.516891519815 -0.474035162372
610 6.10611 0.161604401637 0.545662853626 -0.474471044359
611 6.11612 0.157167976598 0.57316347891 -0.473775239671
612 6.12613 0.152528746179 0.599313762314 -0.471913323944
613 6.13614 0.147648540191 0.624039612102 -0.46885468983
614 6.14615 0.142490207218 0.647272804381 -0.464572897724
615 6.15616 0.137017862978 0.668951279329 -0.459046008155
616 6.16617 0.131197130733 0.689019405914 -0.452256892898
617 6.17618 0.124995372449 0.707428213796 -0.444193521998
618 6.18619 0.118381909497 0.724135591236 -0.434849224014
619 6.1962 0.111328231711 0.739106448061 -0.424222916963
620 6.20621 0.103808193722 0.752312842893 -0.412319307608
621 6.21622 0.0957981975357 0.763734074052 -0.399149056953
622 6.22623 0.0872773604182 0.773356733733 -0.384728910004
623 6.23624 0.0782276672188 0.781174725256 -0.369081788106
624 6.24625 0.0686341063736 0.787189243388 -0.352236842418
625 6.25626 0.0584847888999 0.791408717917 -0.334229467344
626 6.26627 0.0477710498028 0.793848720876 -0.315101273019
627 6.27628 0.0364875314062 0.794531837986 -0.294900016258
628 6.28629 0.0246322482217 0.793487505091 -0.273679489625
629 6.2963 0.0122066330715 0.79075181054 -0.251499368648
630 6.30631 -0.000784435718406 0.786367264646 -0.22842501745
631 6.31632 -0.0143326261318 0.780382537527 -0.204527253416
632 6.32633 -0.0284261632616 0.772852166804 -0.179882071802
633 6.33634 -0.0430498589673 0.763836236793 -0.154570331514
634 6.34635 -0.0581851601638 0.753400030952 -0.128677403567
635 6.35636 -0.0738102154162 0.741613659521 -0.102292784032
636 6.36637 -0.0898999594153 0.7285516644 -0.0755096735687
637 6.37638 -0.106426214818 0.714292603413 -0.0484245259034
638 6.38639 -0.123357810841 0.69891861625 -0.0211365678604
639 6.3964 -0.140660717915 0.682514974439 0.00625270618937
640 6.40641 -0.158298197615 0.665169617799 0.0336400623917
641 6.41642 -0.176230967012 0.64697267988 0.0609210747089
642 6.42643 -0.194417376513 0.628016004956 0.0879906880006
643 6.43644 -0.21281360019 0.608392659187 0.114743793276
644 6.44645 -0.231373837536 0.588196438565 0.141075811379
645 6.45646 -0.250050525524 0.567521376299 0.166883281261
646 6.46647 -0.268794559805 0.546461252276 0.192064448915
647 6.47648 -0.287555523838 0.525109107211 0.21651985301
648 6.48649 -0.306281924689 0.503556764098 0.240152903213
649 6.4965 -0.324921434228 0.481894359487 0.26287044724
650 6.50651 -0.343421134429 0.460209887091 0.284583322652
651 6.51652 -0.361727765436 0.438588756131 0.305206889547
652 6.52653 -0.379787975099 0.417113366754 0.324661540323
653 6.53654 -0.397548568621 0.395862704757 0.34287318288
654 6.54655 -0.414956757021 0.374911957741 0.359773693708
655 6.55656 -0.431960403091 0.354332154704 0.375301337549
656 6.56657 -0.448508263573 0.334189830937 0.389401150482
657 6.57658 -0.464550226276 0.314546719967 0.402025283515
658 6.58659 -0.480037540934 0.295459474122 0.413133304044
659 6.5966 -0.4949230426 0.27697941514 0.422692452768
660 6.60661 -0.509161366437 0.259152316089 0.430677853979
661 6.61662 -0.522709152838 0.242018215672 0.437072677429
662 6.62663 -0.535525241831 0.225611265832 0.441868250316
663 6.63664 -0.547570855803 0.209959613385 0.445064118257
664 6.64665 -0.558809769665 0.1950853162 0.446668054478
665 6.65666 -0.569208467615 0.18100429431 0.446696016782
666 6.66667 -0.578736285771 0.167726316071 0.445172052262
667 6.67668 -0.587365539992 0.155255019373 0.442128150035
668 6.68669 -0.595071638328 0.143587967663 0.437604042695
669 6.6967 -0.60183317758 0.132716740364 0.431646957503
670 6.70671 -0.607632023586 0.122627057104 0.424311318728
671 6.71672 -0.612453374914 0.113298934964 0.415658402862
672 6.72673 -0.616285809728 0.10470687779 0.40575594883
673 6.73674 -0.619121315718 0.0968200964321 0.394677725581
674 6.74675 -0.620955303039 0.089602758605 0.382503059823
675 6.75676 -0.621786600326 0.0830142669271 0.369316326911
676 6.76677 -0.621617433932 0.0770095635064 0.355206408203
677 6.77678 -0.620453390624 0.0715394593337 0.34026611845
678 6.78679 -0.618303364067 0.0665509865893 0.324591607004
679 6.7968 -0.615179485513 0.0619877718583 0.308281736847
680 6.80681 -0.611097039179 0.0577904281321 0.291437445624
681 6.81682 -0.60607436291 0.0538969633775 0.274161092988
682 6.82683 -0.600132734771 0.0502432033654 0.256555798727
683 6.83684 -0.593296246292 0.0467632263789 0.238724776175
684 6.84685 -0.585591663172 0.0433898073538 0.220770665525
685 6.85686 -0.577048274288 0.0400548689628 0.202794871633
686 6.86687 -0.567697729941 0.0366899371134 0.184896910926
687 6.87688 -0.55757387029 0.0332265983127 0.167173771964
688 6.88689 -0.546712545009 0.0295969563426 0.149719294145
689 6.8969 -0.535151425217 0.0257340856968 0.132623568925
690 6.90691 -0.522929808766 0.0215724792509 0.11597236778
691 6.91692 -0.510088420026 0.0170484876706 0.0998466009773
692 6.92693 -0.496669205295 0.0121007481115 0.0843218110102
693 6.93694 -0.482715125001 0.00667059982362 0.069467704325
694 6.94695 -0.468269943867 0.000702484349338 0.0553477247098
695 6.95696 -0.453378020196 -0.00585567191316 0.04201867143
696 6.96697 -0.438084095461 -0.0130520949077 0.029530364888
697 6.97698 -0.422433085341 -0.0209308218988 0.0179253622563
698 6.98699 -0.406469873344 -0.0295313841284 0.00723872518461
699 6.997 -0.390239108139 -0.0388885149197 -0.00250215868547
700 7.00701 -0.373785005672 -0.0490318848538 -0.0112776990397
701 7.01702 -0.357151157114 -0.0599858654994 -0.0190761700826
702 7.02703 -0.340380343657 -0.0717693230169 -0.0258937210339
703 7.03704 -0.323514359106 -0.0843954427954 -0.0317343297728
704 7.04705 -0.306593841183 -0.0978715861121 -0.0366096998787
705 7.05706 -0.289658112383 -0.112199179627 -0.0405391017273
706 7.06707 -0.272745031175 -0.127373638346 -0.0435491587074
707 7.07708 -0.25589085427 -0.143384322512 -0.0456735800218
708 7.08709 -0.239130110602 -0.160214528674 -0.0469528419292
709 7.0971 -0.222495487597 -0.177841515039 -0.0474338196614
710 7.10711 -0.206017730245 -0.196236560982 -0.0471693726178
711 7.11712 -0.189725553377 -0.215365060428 -0.0462178857821
712 7.12713 -0.173645567503 -0.235186648643 -0.0446427706395
713 7.13714 -0.157802218465 -0.255655361753 -0.0425119291741
714 7.14715 -0.142217741075 -0.276719828187 -0.0398971848073
715 7.15716 -0.126912126832 -0.298323491015 -0.0368736843936
716 7.16717 -0.111903105731 -0.320404860016 -0.0335192756133
717 7.17718 -0.0972061420695 -0.34289779214 -0.0299138642957
718 7.18719 -0.0828344441044 -0.36573179888 -0.0261387563707
719 7.1972 -0.0687989873119 -0.388832378909 -0.0222759892713
720 7.20721 -0.0551085509238 -0.41212137423 -0.0184076577077
721 7.21722 -0.0417697673425 -0.435517347922 -0.0146152387888
722 7.22723 -0.0287871839572 -0.458935981486 -0.010978921491
723 7.23724 -0.0161633368133 -0.48229048966 -0.00757694545893
724 7.24725 -0.00389883551754 -0.505492050499 -0.00448495407358
725 7.25726 0.0080075413019 -0.528450248425 -0.00177536663581
726 7.26727 0.0195587407221 -0.551073527871 0.000483225609841
727 7.27728 0.0307593212365 -0.573269655116 0.00222663504256
728 7.28729 0.0416153302973 -0.594946185832 0.00339562044784
729 7.2973 0.0521341745838 -0.616010935858 0.00393639286333
730 7.30731 0.0623244839283 -0.636372452681 0.00380108059205
731 7.31732 0.0721959698678 -0.655940485117 0.00294814977202
732 7.32733 0.0817592798173 -0.674626448676 0.00134277720485
733 7.33734 0.0910258478806 -0.692343884144 -0.00104282751611
734 7.34735 0.100007743335 -0.709008906926 -0.0042291531756
735 7.35736 0.108717517832 -0.724540644755 -0.00822917361972
736 7.36737 0.117168052356 -0.738861661451 -0.0130481917682
737 7.37738 0.125372404998 -0.751898364451 -0.0186837423555
738 7.38739 0.133343660561 -0.763581393958 -0.0251255543751
739 7.3974 0.141094783029 -0.773845991636 -0.0323555737622
740 7.40741 0.148638471892 -0.782632346885 -0.0403480464113
741 7.41742 0.155987023296 -0.789885918863 -0.0490696611788
742 7.42743 0.163152196953 -0.795557732547 -0.0584797520764
743 7.43744 0.170145089707 -0.799604647249 -0.0685305584213
744 7.44745 0.176976016614 -0.801989596191 -0.0791675412771
745 7.45746 0.183654400322 -0.802681795843 -0.0903297540939
746 7.46747 0.19018866951 -0.801656923938 -0.10195026505
747 7.47748 0.196586167077 -0.798897265218 -0.1139566282
748 7.48749 0.202853068682 -0.794391824141 -0.126271400165
749 7.4975 0.208994312214 -0.788136403974 -0.13881269875
750 7.50751 0.21501353867 -0.780133651843 -0.151494799536
751 7.51752 0.220913044836 -0.770393069521 -0.164228766211
752 7.52753 0.22669374813 -0.758930989906 -0.176923110129
753 7.53754 0.232355163845 -0.745770519325 -0.189484474332
754 7.54755 0.237895394966 -0.730941445969 -0.201818337103
755 7.55756 0.24331113467 -0.714480114979 -0.213829729904
756 7.56757 0.248597681491 -0.696429270821 -0.225423964456
757 7.57758 0.253748967113 -0.676837867832 -0.236507363617
758 7.58759 0.258757596604 -0.655760849921 -0.246987990631
759 7.5976 0.263614900873 -0.633258900613 -0.256776371351
760 7.60761 0.268311001028 -0.609398164771 -0.265786204023
761 7.61762 0.272834884237 -0.584249943465 -0.273935051296
762 7.62763 0.277174490625 -0.557890363613 -0.281145009234
763 7.63764 0.281316810649 -0.530400024153 -0.287343348224
764 7.64765 0.285247992348 -0.501863620604 -0.292463120877
765 7.65766 0.288953457772 -0.472369550018 -0.296443732213
766 7.66767 0.292418027843 -0.442009498399 -0.299231467697
767 7.67768 0.295626054847 -0.410878012767 -0.300779974936
768 7.68769 0.298561561679 -0.379072060124 -0.301050695223
769 7.6977 0.301208386949 -0.34669057564 -0.30001324139
770 7.70771 0.303550334972 -0.313834002432 -0.297645718874
771 7.71772 0.305571329658 -0.280603825346 -0.293934987231
772 7.72773 0.307255571274 -0.247102101195 -0.288876859816
773 7.73774 0.308587695017 -0.213430987889 -0.282476239727
774 7.74775 0.30955293032 -0.17969227493 -0.274747190611
775 7.75776 0.310137259811 -0.145986917712 -0.265712941362
776 7.76777 0.310327576817 -0.112414578035 -0.255405824252
777 7.77778 0.31011184032 -0.079073173231 -0.243867146468
778 7.78779 0.309479226263 -0.0460584362199 -0.231146995566
779 7.7978 0.308420274135 -0.0134634887657 -0.217303979801
780 7.80781 0.306927027764 0.0186215698719 -0.202404904776
781 7.81782 0.304993169282 0.0501100567875 -0.186524388327
782 7.82783 0.302614145256 0.080919079774 -0.169744416027
783 7.83784 0.299787284019 0.110969890262 -0.152153840106
784 7.84785 0.296511903269 0.140188213072 -0.133847825054
785 7.85786 0.292789407073 0.168504551329 -0.114927243535
786 7.86787 0.288623371438 0.195854465024 -0.0954980266365
787 7.87788 0.284019617718 0.222178821845 -0.0756704728423
788 7.88789 0.278986273129 0.247424019068 -0.0555585204197
789 7.8979 0.273533817781 0.271542175432 -0.0352789882065
790 7.90791 0.267675117659 0.294491292106 -0.0149507900468
791 7.91792 0.261425443092 0.316235382024 0.00530587166733
792 7.92793 0.254802472315 0.336744567005 0.0253703277049
793 7.93794 0.24782627983 0.355995142298 0.0451222731757
794 7.94795 0.240519309346 0.373969608319 0.0644426022981
795 7.95796 0.232906331166 0.390656669562 0.0832142408188
796 7.96797 0.225014383999 0.406051200813 0.101322970129
797 7.97798 0.216872701241 0.420154180994 0.118658237154
798 7.98799 0.208512621887 0.432972595122 0.135113944156
799 7.998 0.199967486304 0.444519305046 0.150589212717
800 8.00801 0.191272517211 0.454812889783 0.164989116304
801 8.01802 0.182464686288 0.463877456453 0.178225376029
802 8.02803 0.173582566919 0.471742422942 0.190217014451
803 8.03804 0.164666173697 0.478442273604 0.200890962517
804 8.04805 0.155756789349 0.484016289416 0.2101826151
805 8.05806 0.146896779874 0.488508254181 0.218036330858
806 8.06807 0.138129398734 0.491966138446 0.224405872603
807 8.07808 0.12949858101 0.494441762977 0.229254784683
808 8.08809 0.121048728542 0.495990443676 0.232556704396
809 8.0981 0.112824487076 0.496670619976 0.23429560483
810 8.10811 0.10487051657 0.496543468802 0.23446596707
811 8.11812 0.0972312557987 0.495672506262 0.23307288014
812 8.12813 0.0899506824994 0.494123179311 0.23013206761
813 8.13814 0.0830720703075 0.491962449648 0.225669840261
814 8.14815 0.0766377437821 0.489258372188 0.219722974767
815 8.15816 0.0706888328454 0.486079670413 0.212338518849
816 8.16817 0.0652650279802 0.482495310992 0.20357352388
817 8.17818 0.0604043375486 0.478574079979 0.193494706462
818 8.18819 0.0561428485946 0.474384162951 0.182178040966
819 8.1982 0.0525144924989 0.469992731382 0.169708285568
820 8.20821 0.0495508168434 0.465465537519 0.156178444743
821 8.21822 0.0472807648261 0.460866519973 0.1416891717
822 8.22823 0.0457304635468 0.45625742219 0.126348114627
823 8.23824 0.0449230224511 0.451697425861 0.110269211052
824 8.24825 0.0448783431824 0.447242801275 0.0935719350236
825 8.25826 0.04561294205 0.442946576498 0.0763805021269
826 8.26827 0.0471397862628 0.438858227171 0.0588230377131
827 8.27828 0.0494681450274 0.435023388597 0.0410307139681
828 8.28829 0.0526034565372 0.431483591656 0.0231368617055
829 8.2983 0.0565472118121 0.428276023963 0.00527606296338
830 8.30831 0.0612968562703 0.42543331753 -0.0124167693558
831 8.31832 0.0668457098288 0.422983364078 -0.0298073184462
832 8.32833 0.0731829062459 0.42094915893 -0.0467627907365
833 8.33834 0.0802933523214 0.41934867433 -0.0631528367542
834 8.34835 0.0881577074785 0.418194762817 -0.0788504592857
835 8.35836 0.0967523841478 0.417495091137 -0.0937329024679
836 8.36837 0.106049569272 0.417252105011 -0.107682515559
837 8.37838 0.116017267145 0.417463024902 -0.12058758529
838 8.38839 0.126619363684 0.418119872752 -0.1323431309
839 8.3984 0.137815712136 0.419209529486 -0.142851656191
840 8.40841 0.149562240101 0.420713822942 -0.152023853245
841 8.41842 0.161811077633 0.422609645664 -0.159779252725
842 8.42843 0.1745107061 0.424869101888 -0.166046816083
843 8.43844 0.187606127334 0.427459682856 -0.170765465364
844 8.44845 0.201039052529 0.43034446946 -0.173884546716
845 8.45846 0.214748110207 0.43348236105 -0.175364224193
846 8.46847 0.228669072498 0.436828329109 -0.175175800882
847 8.47848 0.242735098849 0.440333694379 -0.173301964909
848 8.48849 0.2568769962 0.443946425852 -0.169736958389
849 8.4985 0.27102349457 0.44761145997 -0.164486667906
850 8.50851 0.285101536878 0.45127103824 -0.157568635686
851 8.51852 0.299036581799 0.454865061376 -0.14901199113
852 8.52853 0.312752918303 0.458331457998 -0.138857302972
853 8.53854 0.326173990519 0.461606565831 -0.127156352863
854 8.54855 0.339222731452 0.464625523294 -0.113971831723
855 8.55856 0.351821904061 0.467322669298 -0.0993769607659
856 8.56857 0.363894448107 0.469631949033 -0.0834550396201
857 8.57858 0.375363831195 0.47148732351 -0.0662989244755
858 8.58859 0.386154402342 0.472823180574 -0.0480104396995
859 8.5986 0.396191746407 0.473574745124 -0.0286997268194
860 8.60861 0.405403037693 0.473678486277 -0.00848453522155
861 8.61862 0.413717391016 0.47307251921 0.0125105406693
862 8.62863 0.421066208522 0.471696999479 0.034154872585
863 8.63864 0.427383520566 0.469494507623 0.0563126524904
864 8.64865 0.432606318955 0.466410421937 0.0788437837407
865 8.65866 0.436674880889 0.462393277357 0.101604803249
866 8.66867 0.439533081963 0.457395108469 0.124449828371
867 8.67868 0.441128696644 0.451371774753 0.147231522021
868 8.68869 0.441413684659 0.44428326626 0.169802069418
869 8.6987 0.44034446182 0.436093988034 0.192014159735
870 8.70871 0.437882153833 0.42677302171 0.213721965927
871 8.71872 0.433992831757 0.416294362818 0.23478211597
872 8.72873 0.428647727823 0.404637132502 0.255054648827
873 8.73874 0.421823430408 0.391785762449 0.274403948543
874 8.74875 0.41350205708 0.377730152004 0.292699650017
875 8.75876 0.403671404695 0.362465796597 0.309817510192
876 8.76877 0.392325075651 0.345993886727 0.325640238635
877 8.77878 0.379462579497 0.32832137696 0.340058281754
878 8.78879 0.365089409229 0.309461024513 0.352970555236
879 8.7988 0.349217091696 0.28943139719 0.364285119618
880 8.80881 0.331863211683 0.268256850588 0.373919794312
881 8.81882 0.313051409341 0.245967474657 0.381802705848
882 8.82883 0.292811350783 0.22259900986 0.387872766508
883 8.83884 0.271178671761 0.198192733359 0.392080080063
884 8.84885 0.248194894511 0.172795315786 0.394386271797
885 8.85886 0.22390731792 0.146458649337 0.394764740536
886 8.86887 0.198368881375 0.119239648076 0.393200830953
887 8.87888 0.1716380027 0.0912000214742 0.389691924976
888 8.88889 0.143778390789 0.0624060223663 0.384247451673
889 8.8989 0.114858833597 0.0329281706283 0.376888815586
890 8.90891 0.0849529623372 0.00284095402332 0.36764924404
891 8.91892 0.0541389927919 -0.0277774922273 0.356573554513
892 8.92893 0.0224994448068 -0.0588457254741 0.34371784374
893 8.93894 -0.00987915889036 -0.0902793534933 0.329149100739
894 8.94895 -0.0429066132755 -0.121991408294 0.312944746506
895 8.95896 -0.0764893696647 -0.153892733927 0.295192103628
896 8.96897 -0.110530890948 -0.185892386261 0.27598779955
897 8.97898 -0.144932021884 -0.217898042654 0.255437107717
898 8.98899 -0.179591372843 -0.249816419359 0.233653231214
899 8.999 -0.214405715312 -0.281553694502 0.210756533964
900 9.00901 -0.249270387411 -0.313015934424 0.186873724885
901 9.01902 -0.284079707624 -0.344109521154 0.16213700075
902 9.02903 -0.318727394894 -0.374741578808 0.136683153773
903 9.03904 -0.353106993192 -0.404820396677 0.110652650199
904 9.04905 -0.387112298655 -0.434255846824 0.0841886863613
905 9.05906 -0.420637787355 -0.462959794018 0.0574362288426
906 9.06907 -0.45357904176 -0.490846495878 0.0305410454716
907 9.07908 -0.48583317394 -0.517832991178 0.00364873394782
908 9.08909 -0.51729924359 -0.543839474295 -0.0230962450953
909 9.0991 -0.547878668959 -0.568789653886 -0.0495515238198
910 9.10911 -0.577475628787 -0.592611093954 -0.0755777650196
911 9.11912 -0.60599745341 -0.615235535558 -0.101039575511
912 9.12913 -0.633355003226 -0.636599197536 -0.1258063887
913 9.13914 -0.659463032777 -0.65664305472 -0.149753310185
914 9.14915 -0.684240538759 -0.67531309223 -0.172761920494
915 9.15916 -0.707611090343 -0.692560534596 -0.194721029406
916 9.16917 -0.729503140287 -0.708342048557 -0.215527376616
917 9.17918 -0.749850315377 -0.722619918545 -0.235086273911
918 9.18919 -0.768591684857 -0.735362194013 -0.253312184444
919 9.1992 -0.785672005593 -0.746542807907 -0.270129235136
920 9.20921 -0.801041942836 -0.75614166574 -0.285471658726
921 9.21922 -0.814658265533 -0.764144704881 -0.299284162489
922 9.22923 -0.826484015308 -0.770543923833 -0.311522221164
923 9.23924 -0.836488648293 -0.775337381437 -0.32215229219
924 9.24925 -0.844648149169 -0.77852916609 -0.331151951895
925 9.25926 -0.850945116874 -0.78012933523 -0.338509951846
926 9.26927 -0.85536882159 -0.780153825491 -0.344226195157
927 9.27928 -0.857915232729 -0.778624334107 -0.348311633102
928 9.28929 -0.858587017814 -0.775568172255 -0.350788082969
929 9.2993 -0.857393512248 -0.771018091219 -0.351687968655
930 9.30931 -0.854350660126 -0.76501208237 -0.351053986026
931 9.31932 -0.84948092637 -0.757593152103 -0.348938695659
932 9.32933 -0.842813180615 -0.748809072992 -0.345404046032
933 9.33934 -0.834382553394 -0.738712112577 -0.340520830795
934 9.34935 -0.824230265303 -0.727358741271 -0.33436808417
935 9.35936 -0.812403429965 -0.714809321005 -0.327032419008
936 9.36937 -0.798954831722 -0.701127776339 -0.318607312412
937 9.37938 -0.783942679118 -0.686381249817 -0.30919234423
938 9.38939 -0.767430335328 -0.670639743466 -0.298892394047
939 9.3994 -0.749486026828 -0.653975748378 -0.287816802595
940 9.40941 -0.73018253167 -0.63646386438 -0.276078503769
941 9.41942 -0.709596848847 -0.618180411848 -0.263793133625
942 9.42943 -0.687809850303 -0.599203037753 -0.251078122913
943 9.43944 -0.664905917244 -0.579610318055 -0.238051779808
944 9.44945 -0.640972562459 -0.559481358561 -0.22483236956
945 9.45946 -0.616100040427 -0.538895396384 -0.21153719782
946 9.46947 -0.590380947065 -0.51793140412 -0.198281704351
947 9.47948 -0.563909810986 -0.49666769883 -0.185178573765
948 9.48949 -0.53678267819 -0.475181557901 -0.172336869802
949 9.4995 -0.509096692151 -0.453548843797 -0.159861199481
950 9.50951 -0.480949671251 -0.431843639676 -0.147850913249
951 9.51952 -0.452439685552 -0.410137897754 -0.136399346986
952 9.52953 -0.42366463488 -0.388501102269 -0.125593111407
953 9.53954 -0.394721830182 -0.366999948763 -0.115511434082
954 9.54955 -0.36570758012 -0.345698041334 -0.106225558882
955 9.55956 -0.3367167848 -0.324655609412 -0.0977982072757
956 9.56957 -0.30784253853 -0.303929245488 -0.0902831054102
957 9.57958 -0.279175743439 -0.283571665098 -0.083724580475
958 9.58959 -0.250804735722 -0.263631490287 -0.078157229314
959 9.5996 -0.22281492624 -0.244153057568 -0.0736056617386
960 9.60961 -0.195288457092 -0.225176251347 -0.0700843204527
961 9.61962 -0.168303875734 -0.206736363557 -0.0675973789398
962 9.62963 -0.141935828097 -0.188863980167 -0.0661387180993
963 9.63964 -0.116254772093 -0.171584895041 -0.0656919818479
964 9.64965 -0.091326712753 -0.154920051488 -0.0662307113243
965 9.65966 -0.0672129601914 -0.138885511701 -0.0677185567696
966 9.66967 -0.0439699114128 -0.12349245411 -0.070109565586
967 9.67968 -0.0216488569096 -0.108747198535 -0.0733485445265
968 9.68969 -0.000295812847522 -0.0946512588721 -0.0773714934248
969 9.6997 0.0200486204811 -0.0812014229013 -0.0821061073571
970 9.70971 0.0393493733863 -0.0683898586385 -0.0874723436246
971 9.71972 0.0575769942778 -0.0562042465376 -0.0933830494761
972 9.72973 0.0747077096456 -0.0446279366892 -0.0997446460425
973 9.73974 0.09072345638 -0.0336401300374 -0.106457863546
974 9.74975 0.105611886417 -0.0232160825043 -0.113418522465
975 9.75976 0.119366343835 -0.0133273307918 -0.12051835501
976 9.76977 0.131985814658 -0.00394193851304 -0.127645860946
977 9.77978 0.143474849762 0.00497523880156 -0.134687191561
978 9.78979 0.153843461401 0.0134622713765 -0.141527055368
979 9.7998 0.163106994002 0.0215598571878 -0.148049638944
980 9.80981 0.171285970006 0.0293110100111 -0.154139536209
981 9.81982 0.178405911647 0.0367607353189 -0.15968267938
982 9.82983 0.184497139678 0.0439556958893 -0.164567264797
983 9.83984 0.189594550151 0.0509438690394 -0.16868466686
984 9.84985 0.193737370499 0.0577741974373 -0.17193033338
985 9.85986 0.196968896211 0.0644962354786 -0.174204655791
986 9.86987 0.199336209529 0.0711597932322 -0.175413807804
987 9.87988 0.200889881657 0.0778145799703 -0.175470546342
988 9.88989 0.201683660049 0.0845098492938 -0.174294968834
989 9.8999 0.201774142415 0.0912940478522 -0.171815221235
990 9.90991 0.201220439145 0.0982144696335 -0.167968151523
991 9.91992 0.200083825895 0.105316917765 -0.162699903764
992 9.92993 0.198427388132 0.112645375717 -0.155966448282
993 9.93994 0.196315659445 0.12024168976 -0.147734043895
994 9.94995 0.19381425549 0.128145264433 -0.137979628688
995 9.95996 0.190989505411 0.136392772739 -0.126691136259
996 9.96997 0.187908082613 0.145017882679 -0.113867734927
997 9.97998 0.184636636743 0.154051001641 -0.0995199879334
998 9.98999 0.181241428728 0.163519040085 -0.0836699332024
999 10.0 0.177787970693 0.173445195812 -0.0663510818285
End of Xyce(TM) Simulation
