Index TIME V(0) V(1) V(2) V(3)
0 1e-05 3.99999999849e-05 3.99999999767e-05 3.99999999793e-05 3.9999999973e-05
1 0.0133611214953 0.0534085988864 0.0533889003491 0.0533951271097 0.0533800749712
2 0.0267122429907 0.106562467645 0.106405583538 0.106455131095 0.10633509485
3 0.040063364486 0.15928838496 0.158762055588 0.158928034872 0.15852444272
4 0.0534144859813 0.211375814385 0.210138219111 0.210527673977 0.209575749305
5 0.0667656074766 0.262618221416 0.260225699492 0.260976515337 0.259128895418
6 0.080116728972 0.312814360959 0.308731527988 0.310008373544 0.306839872252
7 0.0934678504673 0.361769525691 0.355381636809 0.357370992527 0.352384454836
8 0.106818971963 0.40929674612 0.399924123524 0.402828462175 0.395461646179
9 0.120170093458 0.455217933544 0.442132244947 0.446163441615 0.435796852406
10 0.133521214953 0.499364957526 0.481807103986 0.487179163225 0.473144752412
11 0.146872336449 0.541580650064 0.518779996661 0.525701194293 0.507291829207
12 0.160223457944 0.58171972917 0.552914390668 0.56157893626 0.538058534217
13 0.173574579439 0.619649635227 0.584107511354 0.594686844798 0.565301060164
14 0.186925700935 0.655251274191 0.612291515763 0.624925357504 0.588912702854
15 0.20027682243 0.68841966239 0.637434240456 0.652221519651 0.608824797115
16 0.213627943925 0.719064468512 0.659539513994 0.676529302227 0.625007217209
17 0.226979065421 0.747110449104 0.678647030311 0.697829610368 0.637468437235
18 0.240330186916 0.772497774809 0.694831784542 0.716129984116 0.646255152289
19 0.253681308411 0.795182245361 0.708203078246 0.731463997306 0.651451466351
20 0.267032429907 0.815135392259 0.718903106176 0.743890364101 0.653177658036
21 0.280383551402 0.832344468911 0.727105141919 0.753491766313 0.651588540308
22 0.293734672897 0.846812328896 0.733011344568 0.760373418085 0.646871435071
23 0.307085794393 0.858557193867 0.736850213242 0.764661387698 0.639243788076
24 0.320436915888 0.867612313482 0.738873720587 0.766500699221 0.628950453775
25 0.333788037383 0.874025520548 0.739354160267 0.76605323935 0.61626068362
26 0.347139158879 0.877858685386 0.738580746982 0.763495497091 0.601464854712
27 0.360490280374 0.879187074206 0.736856010554 0.759016165853 0.584870978695
28 0.373841401869 0.878098616952 0.734492028134 0.752813639101 0.566801033249
29 0.387192523364 0.874693090838 0.731806540573 0.745093431813 0.547587160525
30 0.40054364486 0.869081226339 0.72911900038 0.736065560736 0.527567778264
31 0.413894766355 0.861383743044 0.726746599566 0.725941916686 0.507083650212
32 0.42724588785 0.851730323243 0.725000325881 0.714933662028 0.486473962728
33 0.440597009346 0.840258531579 0.724181095613 0.703248685853 0.466072454219
34 0.453948130841 0.827112689493 0.724576010187 0.691089148414 0.446203643179
35 0.467299252336 0.812442713446 0.726454782283 0.678649144952 0.42717919921
36 0.480650373832 0.796402926201 0.730066375106 0.666112517256 0.409294499499
37 0.494001495327 0.779150850541 0.73563589586 0.653650839193 0.392825410741
38 0.507352616822 0.760845994921 0.743361781356 0.641421599901 0.378025333614
39 0.520703738318 0.741648640542 0.7534133101 0.629566605627 0.36512254354
40 0.534054859813 0.721718639258 0.765928471257 0.618210618117 0.354317857682
41 0.547405981308 0.701214231593 0.781012216488 0.607460244221 0.345782654057
42 0.560757102804 0.680290893904 0.798735115993 0.597403087966 0.339657264192
43 0.574108224299 0.659100223452 0.81913243517 0.588107172777 0.33604975611
44 0.587459345794 0.637788869761 0.842203643133 0.579620637891 0.335035119593
45 0.60081046729 0.616497520234 0.867912359083 0.571971709358 0.33665486067
46 0.614161588785 0.595359947488 0.896186737168 0.565168942361 0.34091700727
47 0.62751271028 0.574502125336 0.926920285107 0.55920172799 0.34779652292
48 0.640863831776 0.554041419715 0.959973106572 0.554041054172 0.357236120379
49 0.654214953271 0.534085860252 0.995173552133 0.54964050709 0.369147462253
50 0.667566074766 0.51473349742 1.03232025858 0.545937496371 0.383412730936
51 0.680917196262 0.49607184954 1.07118455174 0.542854684405 0.399886545779
52 0.694268317757 0.47817744311 1.11151318336 0.540301597615 0.418398201238
53 0.707619439252 0.461115449159 1.15303136872 0.538176395177 0.438754195915
54 0.720970560748 0.444939417535 1.19544608778 0.536367768808 0.46074101901
55 0.734321682243 0.429691110202 1.23844960964 0.534756945645 0.484128157664
56 0.747672803738 0.41540043383 1.28172319714 0.533219765072 0.508671286165
57 0.761023925234 0.40208547113 1.32494094655 0.531628799594 0.534115595925
58 0.774375046729 0.389752609594 1.36777371525 0.529855489475 0.560199223616
59 0.787726168224 0.378396765508 1.40989308964 0.527772260929 0.586656733873
60 0.80107728972 0.368001700345 1.45097534474 0.525254598104 0.613222612496
61 0.814428411215 0.358540425906 1.49070534717 0.522183039983 0.63963472621
62 0.82777953271 0.349975693873 1.52878035387 0.518445074565 0.665637705672
63 0.841130654206 0.342260564798 1.56491366021 0.513936904357 0.690986209606
64 0.854481775701 0.335339050911 1.59883805296 0.508565059144 0.715448029637
65 0.867832897196 0.329146826573 1.63030902608 0.502247834354 0.738806997597
66 0.881184018692 0.323611999725 1.65910771992 0.49491653589 0.760865659738
67 0.894535140187 0.318655937173 1.6850435482 0.486516515172 0.78144768538
68 0.907886261682 0.314194136224 1.70795648059 0.47700798116 0.800399981015
69 0.921237383178 0.310137134829 1.72771895317 0.466366579393 0.817594484718
70 0.934588504673 0.30639145215 1.7442373834 0.454583731392 0.832929619844
71 0.947939626168 0.302860551284 1.75745327128 0.44166673124 0.846331391388
72 0.961290747664 0.299445815762 1.76734387321 0.42763859959 0.85775411294
73 0.974641869159 0.296047531397 1.77392244048 0.412537698828 0.867180756871
74 0.987992990654 0.292565865099 1.77723801945 0.396417116476 0.874622925176
75 1.00134411215 0.288901832355 1.77737481602 0.379343827209 0.88012044318
76 1.01469523364 0.284958245257 1.77445113213 0.361397647001 0.883740583069
77 1.02804635514 0.2806406332 1.76861788741 0.342669995798 0.885576928846
78 1.04139747664 0.27585812866 1.76005674404 0.323262487853 0.885747898791
79 1.05474859813 0.27052431084 1.74897785785 0.30328537124 0.884394945783
80 1.06809971963 0.264558000403 1.73561728306 0.282855840183 0.881680459805
81 1.08145084112 0.257883998962 1.72023406252 0.262096245625 0.87778540067
82 1.09480196262 0.250433767557 1.70310703903 0.241132230846 0.872906692278
83 1.10815308411 0.242146038911 1.68453142652 0.220090820016 0.867254412657
84 1.12150420561 0.232967358857 1.66481518333 0.199098488167 0.861048816475
85 1.1348553271 0.222852553018 1.64427523158 0.178279241362 0.854517228761
86 1.1482064486 0.211765115459 1.62323356902 0.157752735625 0.847890850028
87 1.16155757009 0.199677516752 1.6020133208 0.137632462682 0.841401514039
88 1.17490869159 0.186571429621 1.58093477935 0.118024029564 0.835278439925
89 1.18825981308 0.17243787106 1.56031148074 0.0990235578179 0.829745020307
90 1.20161093458 0.157277260535 1.54044636546 0.0807162263463 0.825015686544
91 1.21496205607 0.141099394637 1.52162807039 0.0631749798678 0.821292891126
92 1.22831317757 0.123923339271 1.50412739739 0.0464594226412 0.818764245677
93 1.24166429907 0.10577724117 1.48819400136 0.0306149144587 0.817599850976
94 1.25501542056 0.0866980612117 1.47405333838 0.0156718830451 0.817949852899
95 1.26836654206 0.0667312326882 1.46190391106 0.0016453639245 0.819942255291
96 1.28171766355 0.0459302483034 1.45191484463 -0.011465224424 0.823681017453
97 1.29506878505 0.0243561802632 1.44422382345 -0.0236760656505 0.829244460327
98 1.30841990654 0.00207713838092 1.43893541293 -0.0350186898138 0.836684001508
99 1.32177102804 -0.0208323283808 1.43611978738 -0.0455394792577 0.846023235094
100 1.33512214953 -0.0442918810533 1.43581187913 -0.0552989419094 0.857257367969
101 1.34847327103 -0.0682160842192 1.43801095947 -0.0643707611753 0.870353019702
102 1.36182439252 -0.0925151373668 1.44268065609 -0.0728406348473 0.885248388625
103 1.37517551402 -0.117095637152 1.44974940706 -0.080804918499 0.901853782101
104 1.38852663551 -0.141861363453 1.45911134555 -0.0883690917218 0.920052504451
105 1.40187775701 -0.166714081964 1.47062760446 -0.0956460681706 0.939702091521
106 1.4152288785 -0.191554355974 1.48412802485 -0.102754372727 0.960635876628
107 1.42858 -0.216282359957 1.49941324747 -0.109816211117 0.982664868465
108 1.4419311215 -0.240798687671 1.51625716146 -0.116955458997 1.00557991772
109 1.45528224299 -0.265005147523 1.53440968052 -0.124295598837 1.02915414562
110 1.46863336449 -0.288805538188 1.55359981245 -0.131957633871 1.0531456044
111 1.48198448598 -0.312106397656 1.57353898454 -0.140058008885 1.07730013683
112 1.49533560748 -0.334817719214 1.59392458417 -0.148706567765 1.1013543996
113 1.50868672897 -0.356853628203 1.61444367136 -0.158004577411 1.12503901329
114 1.52203785047 -0.378133013788 1.63477681789 -0.168042846934 1.14808180023
115 1.53538897196 -0.398580110463 1.65460202603 -0.178899969944 1.17021107051
116 1.54874009346 -0.418125024469 1.6735986791 -0.19064071625 1.19115891584
117 1.56209121495 -0.436704200898 1.69145147565 -0.203314597445 1.21066447093
118 1.57544233645 -0.454260827769 1.70785429898 -0.216954628611 1.22847710262
119 1.58879345794 -0.470745174028 1.72251397514 -0.231576305921 1.24435948781
120 1.60214457944 -0.486114859007 1.73515387323 -0.247176817044 1.25809054275
121 1.61549570093 -0.500335051554 1.74551730418 -0.263734498256 1.26946816814
122 1.62884682243 -0.513378597706 1.75337067665 -0.281208548902 1.27831177678
123 1.64219794393 -0.525226076423 1.7585063714 -0.299539010404 1.28446457323
124 1.65554906542 -0.535865783607 1.76074529918 -0.318647013523 1.28779555812
125 1.66890018692 -0.545293645273 1.75993911098 -0.338435293924 1.28820123292
126 1.68225130841 -0.553513061379 1.75597203372 -0.358788972519 1.28560698499
127 1.69560242991 -0.560534682513 1.74876230902 -0.379576593408 1.27996813647
128 1.7089535514 -0.566376122175 1.73826321754 -0.400651408757 1.27127064462
129 1.7223046729 -0.571061608048 1.72446367662 -0.421852896514 1.25953144572
130 1.73565579439 -0.574621576156 1.7073884038 -0.443008493643 1.24479843875
131 1.74900691589 -0.577092212351 1.68709764446 -0.463935524524 1.22715010945
132 1.76235803738 -0.578514946028 1.66368646702 -0.484443301404 1.20669479989
133 1.77570915888 -0.578935901402 1.63728363424 -0.504335371294 1.18356963268
134 1.78906028037 -0.578405312035 1.60805006469 -0.523411881556 1.15793910326
135 1.80241140187 -0.576976904666 1.57617690313 -0.541472034627 1.12999335753
136 1.81576252336 -0.574707258597 1.54188322344 -0.558316600902 1.09994617588
137 1.82911364486 -0.571655147154 1.50541339235 -0.573750457785 1.06803268814
138 1.84246476636 -0.56788086784 1.4670341261 -0.587585122312 1.03450684697
139 1.85581588785 -0.56344556791 1.42703127605 -0.599641244574 0.999638690043
140 1.86916700935 -0.558410572091 1.38570638264 -0.609751029413 0.963711423958
141 1.88251813084 -0.552836719145 1.34337303967 -0.617760554563 0.927018364409
142 1.89586925234 -0.546783713864 1.30035311344 -0.623531954481 0.889859769066
143 1.90922037383 -0.540309500901 1.25697286289 -0.626945440641 0.852539600503
144 1.92257149533 -0.533469666636 1.21355900811 -0.627901130949 0.815362257226
145 1.93592261682 -0.526316874984 1.17043479527 -0.626320663205 0.778629310995
146 1.94927373832 -0.518900342692 1.12791610591 -0.62214857013 0.742636288398
147 1.96262485981 -0.511265359319 1.08630765813 -0.615353396369 0.707669533805
148 1.97597598131 -0.503452856619 1.04589934608 -0.605928541078 0.674003189722
149 1.9893271028 -0.495499031568 1.00696276221 -0.593892813057 0.641896328875
150 2.0026782243 -0.48743502678 0.969747944838 -0.579290689004 0.611590270356
151 2.01602934579 -0.479286671448 0.934480390599 -0.562192269151 0.58330610976
152 2.02938046729 -0.471074285408 0.901358368183 -0.542692928363 0.557242490467
153 2.04273158879 -0.462812548275 0.870550566025 -0.520912664609 0.533573640184
154 2.05608271028 -0.454510434985 0.842194102582 -0.496995150554 0.512447693507
155 2.06943383178 -0.446171218416 0.816392923381 -0.471106497774 0.493985317724
156 2.08278495327 -0.437792539139 0.793216604245 -0.443433746776 0.478278655324
157 2.09613607477 -0.429366541644 0.772699575214 -0.414183099493 0.465390592803
158 2.10948719626 -0.420880075793 0.754840774475 -0.383577914219 0.455354361408
159 2.12283831776 -0.412314961575 0.739603736385 -0.351856486021 0.448173471455
160 2.13618943925 -0.403648314623 0.726917112386 -0.319269638403 0.443821977862
161 2.14954056075 -0.394852929363 0.716675618287 -0.286078154469 0.442245070644
162 2.16289168224 -0.385897716086 0.708741396217 -0.252550077898 0.443359980287
163 2.17624280374 -0.376748187683 0.702945774478 -0.218957915767 0.447057184258
164 2.18959392523 -0.367366991303 0.699091403673 -0.185575776543 0.453201897487
165 2.20294504673 -0.357714479722 0.696954742903 -0.152676477465 0.461635826393
166 2.21629616822 -0.34774931679 0.69628886555 -0.120528655969 0.472179163143
167 2.22964728972 -0.337429110985 0.696826550282 -0.0893939198164 0.484632794181
168 2.24299841121 -0.326711070777 0.698283619434 -0.0595240701584 0.498780694785
169 2.25634953271 -0.315552675253 0.700362483912 -0.0311584308965 0.51439247952
170 2.26970065421 -0.303912353296 0.702755851258 -0.00452131640534 0.531226076905
171 2.2830517757 -0.291750164421 0.705150551545 0.0201803320129 0.549030495502
172 2.2964028972 -0.279028474385 0.707231434322 0.0427591126621 0.567548647935
173 2.30975401869 -0.265712618608 0.708685289008 0.0630491071345 0.586520199033
174 2.32310514019 -0.251771546567 0.709204740833 0.0809075780762 0.605684404452
175 2.33645626168 -0.237178440404 0.708492074757 0.0962164010309 0.624782906627
176 2.34980738318 -0.221911301223 0.706262940688 0.108883213673 0.64356245589
177 2.36315850467 -0.205953496749 0.702249894775 0.118842269259 0.661777525875
178 2.37650962617 -0.189294264392 0.696205733587 0.126054984822 0.679192794052
179 2.38986074766 -0.171929164064 0.687906580509 0.130510178426 0.695585460237
180 2.40321186916 -0.153860475581 0.677154686749 0.132223993663 0.710747378282
181 2.41656299065 -0.135097535888 0.663780912823 0.131239513475 0.724486978758
182 2.42991411215 -0.115657011926 0.647646860321 0.127626069218 0.736630963323
183 2.44326523364 -0.0955631054682 0.628646628012 0.121478254656 0.747025754491
184 2.45661635514 -0.074847686883 0.60670817097 0.112914658216 0.755538687812
185 2.46996747664 -0.0535503553905 0.581794246234 0.102076330279 0.762058936754
186 2.48331859813 -0.0317184240472 0.553902933579 0.0891250055254 0.76649816406
187 2.49666971963 -0.00940682836232 0.523067725167 0.0742411033189 0.768790896785
188 2.51002084112 0.0133220418574 0.489357183113 0.0576215317782 0.768894625671
189 2.52337196262 0.0363985871369 0.452874169271 0.039477323518 0.766789632936
190 2.53672308411 0.0597463184364 0.413754656784 0.0200311330052 0.762478555817
191 2.55007420561 0.0832822510302 0.372166138015 -0.000485372947859 0.755985696408
192 2.5634253271 0.106917369773 0.328305648432 -0.0218341988679 0.747356091295
193 2.5767764486 0.130557162687 0.28239743069 -0.0437737450543 0.736654357279
194 2.59012757009 0.154102219168 0.234690267518 -0.066061539026 0.723963332002
195 2.60347869159 0.17744888845 0.18545451609 -0.0884569403675 0.70938253056
196 2.61682981308 0.200489993429 0.134978880158 -0.110723785922 0.693026441135
197 2.63018093458 0.223115594332 0.0835669594414 -0.132632943258 0.675022684326
198 2.64353205607 0.245213796277 0.0315336184445 -0.153964741721 0.655510062147
199 2.65688317757 0.266671594247 -0.0207987809056 -0.174511252174 0.634636523625
200 2.67023429907 0.28737574864 -0.0731042367918 -0.194078388658 0.612557074525
201 2.68358542056 0.307213684184 -0.125057008095 -0.212487807707 0.589431658934
202 2.69693654206 0.326074404734 -0.176335510424 -0.229578583807 0.565423040341
203 2.71028766355 0.343849416211 -0.22662616005 -0.245208642561 0.540694709355
204 2.72363878505 0.36043364982 -0.27562711885 -0.259255936382 0.51540884436
205 2.73698990654 0.375726377569 -0.323051894605 -0.271619350985 0.489724350292
206 2.75034102804 0.389632112076 -0.368632752772 -0.282219334534 0.463794999212
207 2.76369214953 0.402061482725 -0.412123898165 -0.290998244989 0.437767694647
208 2.77704327103 0.412932080311 -0.453304387825 -0.297920414869 0.411780879628
209 2.79039439252 0.422169262523 -0.491980739622 -0.302971936378 0.385963106132
210 2.80374551402 0.429706912841 -0.527989204899 -0.306160173468 0.3604317812
211 2.81709663551 0.435488145756 -0.561197677552 -0.307513010918 0.335292102382
212 2.83044775701 0.439465951585 -0.591507216408 -0.307077853916 0.310636192459
213 2.8437988785 0.441603774595 -0.618853162484 -0.30492039477 0.286542440551
214 2.85715 0.441876018658 -0.643205837666 -0.301123166338 0.263075053853
215 2.8705011215 0.440268475186 -0.664570816473 -0.295783904391 0.240283821366
216 2.88385224299 0.436778668709 -0.682988767764 -0.289013743489 0.218204088107
217 2.89720336449 0.431416116101 -0.698534868528 -0.280935272934 0.196856935509
218 2.91055448598 0.424202496122 -0.711317797091 -0.271680481007 0.17624956099
219 2.92390560748 0.415171726681 -0.721478318233 -0.261388616926 0.156375847133
220 2.93725672897 0.404369947959 -0.729187477663 -0.250204000818 0.137217108481
221 2.95060785047 0.391855410275 -0.734644428078 -0.238273812399 0.118743001767
222 2.96395897196 0.377698266395 -0.738073913523 -0.225745889106 0.100912583395
223 2.97731009346 0.361980268725 -0.739723442901 -0.212766563975 0.0836754962599
224 2.99066121495 0.344794372662 -0.739860187316 -0.199478572771 0.0669732664895
225 3.00401233645 0.326244248125 -0.738767639238 -0.186019058676 0.0507406895313
226 3.01736345794 0.30644370208 -0.736742074399 -0.172517701209 0.0349072840774
227 3.03071457944 0.285516015625 -0.73408885972 -0.159094994164 0.0193987917377
228 3.04406570093 0.263593199936 -0.731118652423 -0.145860695049 0.00413870007498
229 3.05741682243 0.240815176047 -0.728143536786 -0.132912465934 -0.0109502333642
230 3.07076794393 0.217328884163 -0.725473145762 -0.120334722836 -0.0259444780716
231 3.08411906542 0.193287328741 -0.72341081482 -0.108197707667 -0.0409182700816
232 3.09747018692 0.168848566235 -0.722249814976 -0.0965567935871 -0.0559422144888
233 3.11082130841 0.144174642852 -0.722269710977 -0.0854520312377 -0.0710819703404
234 3.12417242991 0.119430490176 -0.723732889062 -0.0749079398731 -0.0863970358465
235 3.1375235514 0.0947827868987 -0.726881296645 -0.0649335439395 -0.101939650206
236 3.1508746729 0.0703987952274 -0.731933433614 -0.0555226521659 -0.117753826495
237 3.16422579439 0.0464451808389 -0.739081631925 -0.0466543728105 -0.133874528049
238 3.17757691589 0.0230868254098 -0.748489656552 -0.0382938553869 -0.150326998586
239 3.19092803738 0.00048564090592 -0.760290656977 -0.0303932460221 -0.167126254045
240 3.20427915888 -0.0212006051461 -0.77458549408 -0.0228928406159 -0.184276741754
241 3.21763028037 -0.0418194442018 -0.791441462707 -0.0157224172203 -0.201772170101
242 3.23098140187 -0.0612248319527 -0.810891425339 -0.00880272657304 -0.219595509473
243 3.24433252336 -0.0792782353601 -0.832933367276 -0.00204711754049 -0.237719162805
244 3.25768364486 -0.0958496727827 -0.857530378588 0.00463672762616 -0.256105301712
245 3.27103476636 -0.11081869883 -0.884611062872 0.0113449748117 -0.274706361908
246 3.28438588785 -0.124075325965 -0.914070367649 0.0181757640411 -0.29346568942
247 3.29773700935 -0.135520875322 -0.945770826075 0.025227308402 -0.312318327105
248 3.31108813084 -0.14506874974 -0.979544194645 0.0325959946429 -0.331191929086
249 3.32443925234 -0.152645122572 -1.01519346671 0.0403745141309 -0.350007789075
250 3.33779037383 -0.158189536464 -1.05249523708 0.0486500523656 -0.368681967066
251 3.35114149533 -0.16165540699 -1.09120238869 0.0575025643709 -0.387126497663
252 3.36449261682 -0.163010426732 -1.13104706841 0.0670031620247 -0.405250662317
253 3.37784373832 -0.162236866181 -1.17174391547 0.0772126377565 -0.422962306996
254 3.39119485981 -0.159331768609 -1.21299350311 0.0881801470734 -0.440169186365
255 3.40454598131 -0.154307036889 -1.25448595127 0.0999420700866 -0.456780315328
256 3.4178971028 -0.147189411098 -1.29590466609 0.112521069638 -0.472707308839
257 3.4312482243 -0.138020336555 -1.33693016068 0.125925360807 -0.487865691232
258 3.44459934579 -0.126855722845 -1.37724391032 0.140148203543 -0.502176156871
259 3.45795046729 -0.113765595206 -1.41653219517 0.15516762697 -0.515565764769
260 3.47130158879 -0.0988336405144 -1.45448988344 0.170946390595 -0.527969050854
261 3.48465271028 -0.0821566509527 -1.49082410904 0.187432184235 -0.539329042844
262 3.49800383178 -0.0638438692328 -1.52525779871 0.204558065047 -0.549598164146
263 3.51135495327 -0.0440162400422 -1.55753300584 0.222243126649 -0.558739014846
264 3.52470607477 -0.0228055731305 -1.58741401017 0.240393391933 -0.566725019601
265 3.53805719626 -0.000353624155277 -1.61469014586 0.258902917945 -0.573540934204
266 3.55140831776 0.0231888999319 -1.63917832344 0.277655098127 -0.579183204548
267 3.56475943925 0.0476634035713 -1.66072521496 0.296524144299 -0.58366017381
268 3.57811056075 0.0729045254148 -1.67920907605 0.31537672812 -0.586992135765
269 3.59146168224 0.0987413128557 -1.69454118257 0.334073759384 -0.589211234255
270 3.60481280374 0.124998439421 -1.70666686473 0.352472276449 -0.590361210946
271 3.61816392523 0.151497455828 -1.71556612614 0.370427422322 -0.590497005508
272 3.63151504673 0.178058065232 -1.72125384051 0.387794478604 -0.589684214372
273 3.64486616822 0.204499412977 -1.72377952381 0.404430928471 -0.587998416006
274 3.65821728972 0.230641381043 -1.72322668489 0.420198519285 -0.585524372457
275 3.67156841121 0.256305877342 -1.71971176268 0.434965295241 -0.582355118419
276 3.68491953271 0.281318110019 -1.71338266325 0.448607570674 -0.578590950537
277 3.69827065421 0.305507837042 -1.7044169147 0.461011815285 -0.574338330854
278 3.7116217757 0.328710581549 -1.69301946271 0.472076423566 -0.569708719315
279 3.7249728972 0.350768803669 -1.67942013371 0.481713342117 -0.564817351058
280 3.73832401869 0.371533019881 -1.66387079704 0.489849530352 -0.559781974772
281 3.75167514019 0.390862861368 -1.64664226065 0.496428232195 -0.554721568751
282 3.76502626168 0.408628063314 -1.62802093856 0.501410038845 -0.54975505137
283 3.77837738318 0.424709377609 -1.60830533089 0.504773725404 -0.545000002602
284 3.79172850467 0.438999402051 -1.58780235934 0.50651684716 -0.540571412807
285 3.80507962617 0.451403319759 -1.56682360325 0.506656084509 -0.536580474488
286 3.81843074766 0.461839543246 -1.54568148189 0.50522732886 -0.533133431893
287 3.83178186916 0.470240258315 -1.52468542995 0.502285505377 -0.530330502368
288 3.84513299065 0.476551863754 -1.50413811268 0.497904131931 -0.528264882213
289 3.85848411215 0.480735303609 -1.48433172695 0.492174617287 -0.52702184846
290 3.87183523364 0.482766289668 -1.46554443344 0.485205305054 -0.52667796651
291 3.88518635514 0.482635412635 -1.44803696323 0.477120273497 -0.527300412008
292 3.89853747664 0.480348141359 -1.43204944031 0.468057904648 -0.528946413626
293 3.91188859813 0.475924710357 -1.41779845861 0.458169239397 -0.531662821682
294 3.92523971963 0.469399896744 -1.40547444907 0.447616138274 -0.535485805716
295 3.93859084112 0.460822688542 -1.39523936879 0.436569270391 -0.540440682336
296 3.95194196262 0.450255847202 -1.38722474018 0.425205955499 -0.54654187282
297 3.96529308411 0.437775367982 -1.38153006405 0.413707886314 -0.553792988198
298 3.97864420561 0.42346984263 -1.37822162555 0.402258760032 -0.562187037808
299 3.9919953271 0.407439729576 -1.37733170753 0.391041849453 -0.571706755678
300 4.0053464486 0.389796537542 -1.37885822058 0.380237545144 -0.582325037569
301 4.01869757009 0.370661929172 -1.38276475403 0.370020900714 -0.594005480093
302 4.03204869159 0.350166751852 -1.38898104711 0.3605592135 -0.606703012054
303 4.04539981308 0.328450003511 -1.3974038742 0.35200967274 -0.620364607087
304 4.05875093458 0.305657741603 -1.40789833318 0.344517106674 -0.634930065711
305 4.07210205607 0.281941943976 -1.42029952086 0.338211858952 -0.650332854197
306 4.08545317757 0.257459330626 -1.43441457492 0.333207823288 -0.666500987115
307 4.09880429907 0.232370155653 -1.45002505708 0.329600663426 -0.683357940065
308 4.11215542056 0.206836978921 -1.46688964824 0.327466243279 -0.700823578992
309 4.12550654206 0.181023427068 -1.48474712265 0.326859289556 -0.718815092536
310 4.13885766355 0.155092953557 -1.5033195644 0.327812306334 -0.737247914143
311 4.15220878505 0.12920760743 -1.52231578698 0.330334757897 -0.75603662115
312 4.16555990654 0.103526820336 -1.54143491399 0.334412532831 -0.775095798697
313 4.17891102804 0.0782062212055 -1.56037007721 0.340007698809 -0.794340857143
314 4.19226214953 0.0533964877142 -1.57881218674 0.347058553842 -0.813688792676
315 4.20561327103 0.0292422433287 -1.59645372726 0.35547997599 -0.833058881923
316 4.21896439252 0.00588100834485 -1.61299253392 0.365164069723 -0.85237330263
317 4.23231551402 -0.0165577871391 -1.62813550184 0.375981103323 -0.871557673852
318 4.24566663551 -0.0379537208954 -1.64160218394 0.387780727978 -0.890541510539
319 4.25901775701 -0.0581962200507 -1.6531282333 0.400393465561 -0.909258588909
320 4.2723688785 -0.0771853201805 -1.66246864803 0.413632448623 -0.927647220554
321 4.28572 -0.0948323365 -1.66940077917 0.427295392838 -0.945650434766
322 4.2990711215 -0.111060442358 -1.67372706509 0.441166779083 -0.963216070145
323 4.31242224299 -0.125805151008 -1.67527745911 0.455020219599 -0.980296778031
324 4.32577336449 -0.139014697414 -1.67391152094 0.468620980218 -0.996849941768
325 4.33912448598 -0.15065031767 -1.66952014652 0.481728628562 -1.0128375172
326 4.35247560748 -0.160686424441 -1.66202691544 0.494099776419 -1.02822580101
327 4.36582672897 -0.169110677659 -1.6513890397 0.505490883165 -1.04298513476
328 4.37917785047 -0.175923950579 -1.63759790242 0.515661086267 -1.05708955335
329 4.39252897196 -0.181140192108 -1.62067918021 0.524375024381 -1.07051638763
330 4.40588009346 -0.184786187153 -1.600692548 0.531405618608 -1.08324583151
331 4.41923121495 -0.186901217572 -1.57773097003 0.536536777848 -1.0952604843
332 4.43258233645 -0.187536627043 -1.5519195861 0.539565995075 -1.10654487968
333 4.44593345794 -0.186755293961 -1.52341420678 0.540306802627 -1.11708501239
334 4.45928457944 -0.184631017186 -1.49239943623 0.538591056313 -1.12686787396
335 4.47263570093 -0.181247820111 -1.4590864458 0.53427102018 -1.13588100856
336 4.48598682243 -0.176699179163 -1.42371042574 0.527221226264 -1.14411209944
337 4.49933794393 -0.171087183444 -1.38652774636 0.51734008638 -1.15154859586
338 4.51268906542 -0.164521632675 -1.34781286348 0.504551236079 -1.15817738978
339 4.52604018692 -0.157119081129 -1.30785500602 0.488804594204 -1.1639845504
340 4.53939130841 -0.149001835573 -1.26695468645 0.470077125014 -1.16895512372
341 4.55274242991 -0.140296915583 -1.22542007659 0.448373293509 -1.17307300292
342 4.5660935514 -0.131134984855 -1.18356329326 0.423725208422 -1.17632087425
343 4.5794446729 -0.121649262286 -1.14169663906 0.396192451188 -1.17868024139
344 4.59279579439 -0.111974421726 -1.10012884422 0.365861593139 -1.18013153009
345 4.60614691589 -0.102245489335 -1.05916135542 0.33284540697 -1.18065427309
346 4.61949803738 -0.0925967474119 -1.01908471672 0.297281782383 -1.18022737407
347 4.63284915888 -0.0831606534775 -0.980175086832 0.259332359383 -1.17882944744
348 4.64620028037 -0.0740667831864 -0.942690935115 0.219180896253 -1.17643922981
349 4.65955140187 -0.0654408053954 -0.906869956409 0.177031392423 -1.17303605693
350 4.67290252336 -0.0574034973884 -0.87292624231 0.133105989486 -1.16860039913
351 4.68625364486 -0.0500698078717 -0.841047743178 0.0876426762716 -1.1631144464
352 4.69960476636 -0.043547974906 -0.811394051657 0.040892826254 -1.15656273371
353 4.71295588785 -0.037938705432 -0.784094534539 -0.00688140244035 -1.14893279567
354 4.72630700935 -0.0333344224958 -0.759246835523 -0.0554097725697 -1.14021583903
355 4.73965813084 -0.0298185856703 -0.736915766868 -0.104416745811 -1.13040742086
356 4.75300925234 -0.027465089526 -0.717132603214 -0.153624299488 -1.11950811961
357 4.76636037383 -0.0263377443214 -0.699894785874 -0.202754747849 -1.10752418612
358 4.77971149533 -0.0264898423706 -0.685166040924 -0.251533533889 -1.09446816145
359 4.79306261682 -0.0279638128103 -0.672876909355 -0.299691958206 -1.08035944863
360 4.80641373832 -0.0307909667313 -0.662925682491 -0.346969812412 -1.06522482562
361 4.81976485981 -0.0349913338784 -0.655179730993 -0.393117885948 -1.04909888748
362 4.83311598131 -0.0405735913477 -0.649477210899 -0.437900316963 -1.03202440636
363 4.8464671028 -0.0475350839449 -0.645629125622 -0.481096760054 -1.01405259887
364 4.8598182243 -0.0558619351061 -0.643421718459 -0.522504346144 -0.995243291701
365 4.87316934579 -0.0655292465384 -0.642619166158 -0.561939412578 -0.975664977262
366 4.88652046729 -0.0765013840104 -0.642966540428 -0.599238984574 -0.955394753025
367 4.89987158879 -0.088732346028 -0.644193001049 -0.634261992455 -0.934518139434
368 4.91322271028 -0.102166211463 -0.646015181406 -0.666890212586 -0.913128773182
369 4.92657383178 -0.116737661577 -0.648140724973 -0.697028923508 -0.89132797431
370 4.93992495327 -0.132372571297 -0.650271929452 -0.72460727253 -0.869224187477
371 4.95327607477 -0.148988664066 -0.652109453985 -0.74957835173 -0.846932299615
372 4.96662719626 -0.166496224114 -0.653356044119 -0.771918986088 -0.824572838068
373 4.97997831776 -0.18479885954 -0.653720229028 -0.791629240163 -0.802271055207
374 4.99332943925 -0.203794309287 -0.652919945852 -0.808731653281 -0.780155907326
375 5.00668056075 -0.223375286707 -0.650686046952 -0.823270216637 -0.7583589374
376 5.02003168224 -0.243430352249 -0.646765647329 -0.835309108976 -0.737013072941
377 5.03338280374 -0.263844807576 -0.640925271439 -0.844931210458 -0.716251351735
378 5.04673392523 -0.28450160333 -0.632953761117 -0.852236417077 -0.696205589625
379 5.06008504673 -0.305282252739 -0.62266490928 -0.857339780382 -0.677005005743
380 5.07343616822 -0.32606774325 -0.609899787414 -0.860369499328 -0.658774821611
381 5.08678728972 -0.346739438514 -0.594528738665 -0.861464792765 -0.641634851376
382 5.10013841121 -0.367179963175 -0.576453012411 -0.860773682398 -0.625698101028
383 5.11348953271 -0.387274063163 -0.555606020617 -0.858450716939 -0.611069394814
384 5.12684065421 -0.406909434476 -0.531954200888 -0.854654668662 -0.597844047218
385 5.1401917757 -0.425977513762 -0.505497475965 -0.849546233642 -0.586106598696
386 5.1535428972 -0.444374224461 -0.476269304326 -0.843285766607 -0.575929633012
387 5.16689401869 -0.462000672669 -0.444336321566 -0.836031080561 -0.567372693379
388 5.18024514019 -0.478763787428 -0.409797577213 -0.827935340176 -0.560481313719
389 5.19359626168 -0.494576900668 -0.372783376585 -0.819145076403 -0.555286180245
390 5.20694738318 -0.509360262636 -0.333453742107 -0.809798347833 -0.551802437225
391 5.22029850467 -0.523041489217 -0.291996513116 -0.800023072107 -0.550029149207
392 5.23364962617 -0.535555938262 -0.248625107634 -0.789935548118 -0.549948930265
393 5.24700074766 -0.546847012629 -0.203575973639 -0.779639186942 -0.551527748848
394 5.26035186916 -0.556866388378 -0.157105761188 -0.769223466389 -0.554714914796
395 5.27370299065 -0.565574167225 -0.109488250079 -0.758763120838 -0.559443252813
396 5.28705411215 -0.572938953051 -0.0610110707478 -0.748317574665 -0.565629464449
397 5.30040523364 -0.578937852956 -0.0119722585466 -0.73793062408 -0.573174678233
398 5.31375635514 -0.583556404019 0.0373233164097 -0.727630368725 -0.581965185202
399 5.32710747664 -0.586788427604 0.0865676001824 -0.717429390824 -0.591873354687
400 5.34045859813 -0.588635813673 0.135453042118 -0.707325176249 -0.602758722791
401 5.35380971963 -0.589108238199 0.183676273113 -0.69730076849 -0.614469243709
402 5.36716084112 -0.588222817346 0.230941730153 -0.687325643275 -0.626842691799
403 5.38051196262 -0.586003702632 0.276965182958 -0.677356788573 -0.639708200183
404 5.39386308411 -0.582481621801 0.321477119752 -0.667339971864 -0.652887919744
405 5.40721420561 -0.577693370576 0.364225950995 -0.657211174031 -0.666198780571
406 5.4205653271 -0.571681260873 0.404980992086 -0.646898166966 -0.679454336356
407 5.4339164486 -0.564492531441 0.443535188863 -0.63632221004 -0.692466670901
408 5.44726757009 -0.556178727128 0.479707552818 -0.625399839041 -0.705048344815
409 5.46061869159 -0.546795053285 0.513345276568 -0.614044719953 -0.717014359648
410 5.47396981308 -0.536399711935 0.544325504025 -0.602169539165 -0.728184116173
411 5.48732093458 -0.525053226486 0.57255673395 -0.58968790127 -0.738383343306
412 5.50067205607 -0.512817761816 0.597979840061 -0.57651620562 -0.747445974178
413 5.51402317757 -0.499756446514 0.620568695588 -0.562575473199 -0.755215946248
414 5.52737429907 -0.485932704041 0.64033039496 -0.547793096182 -0.761548903013
415 5.54072542056 -0.471409599383 0.657305070279 -0.532104483718 -0.766313775824
416 5.55407654206 -0.456249207607 0.671565305162 -0.515454579048 -0.769394225545
417 5.56742766355 -0.440512010463 0.683215153438 -0.497799224967 -0.77068992535
418 5.58077878505 -0.424256326853 0.692388775036 -0.479106356852 -0.770117667692
419 5.59412990654 -0.407537782641 0.699248706027 -0.459357005021 -0.767612280529
420 5.60748102804 -0.390408824837 0.703983784261 -0.438546090932 -0.76312734009
421 5.62083214953 -0.372918284757 0.706806756221 -0.416683004732 -0.756635669912
422 5.63418327103 -0.355110994223 0.707951594575 -0.393791954842 -0.74812961844
423 5.64753439252 -0.337027458351 0.707670559442 -0.36991208353 -0.737621110173
424 5.66088551402 -0.318703587901 0.706231039449 -0.345097345846 -0.725141468162
425 5.67423663551 -0.30017049354 0.703912211368 -0.319416152681 -0.710741008496
426 5.68758775701 -0.281454343778 0.701001559239 -0.292950782144 -0.694488410281
427 5.7009388785 -0.262576287692 0.697791295645 -0.265796566813 -0.676469867485
428 5.71429 -0.243552442893 0.694574728877 -0.238060867667 -0.656788031819
429 5.7276411215 -0.224393948551 0.691642620432 -0.209861848616 -0.635560758522
430 5.74099224299 -0.205107082672 0.689279577309 -0.181327068474 -0.612919669515
431 5.75434336449 -0.185693442126 0.687760523142 -0.152591909919 -0.589008550801
432 5.76769448598 -0.166150183358 0.687347291179 -0.123797867377 -0.563981603217
433 5.78104560748 -0.146470321078 0.688285380632 -0.0950907179326 -0.538001567636
434 5.79439672897 -0.126643081643 0.690800915838 -0.0666186011211 -0.511237747486
435 5.80774785047 -0.106654307331 0.695097845231 -0.0385300349116 -0.483863952886
436 5.82109897196 -0.0864869071422 0.701355414088 -0.0109718962399 -0.456056391895
437 5.83445009346 -0.0661213493424 0.70972594171 0.0159126048871 -0.427991535217
438 5.84780121495 -0.0455361904967 0.720332929908 0.04198592843 -0.3998439812
439 5.86115233645 -0.0247086353897 0.733269525625 0.0671181553621 -0.371784348169
440 5.87450345794 -0.00361512188807 0.748597356157 0.0911888581378 -0.343977220959
441 5.88785457944 0.0177680754622 0.766345750896 0.114088862949 -0.316579177961
442 5.90120570093 0.0394642295264 0.786511358769 0.135721877483 -0.289736924198
443 5.91455682243 0.061495538933 0.809058165707 0.15600595959 -0.263585554672
444 5.92790794393 0.0838825073502 0.833917911615 0.174874804351 -0.238246970763
445 5.94125906542 0.10664333038 0.860990901393 0.192278829393 -0.213828470603
446 5.95461018692 0.129793296727 0.890147199795 0.208186040979 -0.190421532242
447 5.96796130841 0.153344210196 0.921228195216 0.222582666321 -0.168100806044
448 5.98131242991 0.17730383893 0.954048512989 0.235473540714 -0.146923330168
449 5.9946635514 0.201675398043 0.988398254562 0.246882241364 -0.126927980153
450 6.0080146729 0.226457071575 1.02404553494 0.256850963278 -0.108135160687
451 6.02136579439 0.251641579306 1.06073928715 0.265440136048 -0.0905467445261
452 6.03471691589 0.27721579361 1.0982122993 0.272727783966 -0.0741462603574
453 6.04806803738 0.303160411089 1.13618444692 0.278808635405 -0.0588993281493
454 6.06141915888 0.329449683207 1.17436608103 0.283792990923 -0.044754337316
455 6.07477028037 0.356051209669 1.21246153036 0.287805362897 -0.0316433598037
456 6.08812140187 0.382925797664 1.25017267497 0.290982902702 -0.0194832870865
457 6.10147252336 0.410027389541 1.2872025475 0.293473634501 -0.00817717705131
458 6.11482364486 0.437303060828 1.32325891821 0.295434517454 0.00238420609487
459 6.12817476636 0.464693089866 1.35805781989 0.29702936068 0.0123206784165
460 6.14152588785 0.492131099676 1.39132696983 0.298426617472 0.0217607712773
461 6.15487700935 0.519544271982 1.42280904711 0.299797087125 0.0308397388936
462 6.16822813084 0.54685363264 1.45226478536 0.301311554196 0.0396974643608
463 6.18157925234 0.57397440707 1.47947584337 0.303138396094 0.0484762916293
464 6.19493037383 0.600816443569 1.50424741884 0.305441190579 0.0573188120974
465 6.20828149533 0.627284701796 1.52641057344 0.308376355012 0.0663656353096
466 6.22163261682 0.653279803004 1.54582424122 0.312090848992 0.0757531736977
467 6.23498373832 0.678698638076 1.56237689605 0.316719971483 0.0856114713586
468 6.24833485981 0.703435028758 1.57598785811 0.322385282475 0.0960621065377
469 6.26168598131 0.727380437007 1.58660822379 0.329192677843 0.107216196761
470 6.2750371028 0.750424716845 1.59422140803 0.337230644262 0.119172534464
471 6.2883882243 0.772456902645 1.59884329288 0.346568718867 0.13201587948
472 6.30173934579 0.793366027412 1.60052198068 0.357256175857 0.145815432943
473 6.31509046729 0.813041964241 1.59933715546 0.369320959425 0.160623514953
474 6.32844158879 0.831376283853 1.59539906061 0.382768879329 0.176474465926
475 6.34179271028 0.848263120899 1.58884710562 0.39758308211 0.193383788759
476 6.35514383178 0.863600041533 1.57984811938 0.413723807464 0.211347545936
477 6.36849495327 0.87728890467 1.56859427158 0.431128435649 0.230342022523
478 6.38184607477 0.889236709307 1.55530068796 0.449711828079 0.250323662556
479 6.39519719626 0.899356420324 1.5402027888 0.469366959457 0.271229282869
480 6.40854831776 0.907567765265 1.52355338342 0.489965836075 0.292976564762
481 6.42189943925 0.913797994796 1.50561955634 0.511360691132 0.315464820314
482 6.43525056075 0.917982599733 1.48667938335 0.53338544436 0.338576026466
483 6.44860168224 0.920065977867 1.46701851775 0.555857409727 0.362176116484
484 6.46195280374 0.920002044132 1.44692668855 0.578579231763 0.386116514865
485 6.47530392523 0.91775477812 1.42669415342 0.601341027993 0.410235898496
486 6.48865504673 0.913298703383 1.40660814978 0.623922712204 0.434362163667
487 6.50200616822 0.90661929351 1.38694938733 0.646096470856 0.458314575695
488 6.51535728972 0.897713300532 1.36798862484 0.667629362848 0.481906075235
489 6.52870841121 0.886589001816 1.34998337279 0.688286011113 0.504945713053
490 6.54205953271 0.873266362279 1.33317476213 0.707831353252 0.527241183047
491 6.55541065421 0.857777109414 1.31778461712 0.72603341746 0.548601421688
492 6.5687617757 0.840164719364 1.30401276782 0.742666089594 0.568839240805
493 6.5821128972 0.820484312984 1.29203463479 0.757511837134 0.587773959867
494 6.59546401869 0.798802461588 1.28199911523 0.770364356275 0.605234003498
495 6.60881514019 0.77519690285 1.27402679599 0.781031109147 0.621059430005
496 6.62216626168 0.749756168064 1.26820851511 0.789335719509 0.635104357212
497 6.63551738318 0.722579122731 1.26460428889 0.795120196863 0.647239252789
498 6.64886850467 0.693774423185 1.26324261735 0.79824696105 0.657353057613
499 6.66221962617 0.663459892697 1.26412017619 0.798600641784 0.665355112474
500 6.67557074766 0.631761821187 1.26720189851 0.796089630324 0.671176860579
501 6.68892186916 0.59881419336 1.27242144508 0.790647363566 0.674773300831
502 6.70227299065 0.564757850705 1.27968205677 0.782233324094 0.676124169752
503 6.71562411215 0.529739593405 1.28885777867 0.770833743263 0.675234833055
504 6.72897523364 0.493911228734 1.29979504027 0.756461998083 0.672136871363
505 6.74232635514 0.457428573039 1.31231457225 0.739158696448 0.666888348202
506 6.75567747664 0.420450414823 1.32621363605 0.718991449133 0.659573752308
507 6.76902859813 0.383137446846 1.34126853872 0.696054330902 0.650303610227
508 6.78237971963 0.345651175458 1.35723740203 0.670467036895 0.639213769346
509 6.79573084112 0.308152815647 1.37386315179 0.64237374428 0.626464355549
510 6.80908196262 0.270802180463 1.39087669067 0.611941692806 0.612238413854
511 6.82243308411 0.233756573578 1.40800021552 0.579359501365 0.596740244414
512 6.83578420561 0.197169693802 1.42495063874 0.544835240961 0.580193450191
513 6.8491353271 0.161190560325 1.44144307149 0.508594287459 0.562838716386
514 6.8624864486 0.125962467351 1.45719432656 0.470876980214 0.544931345244
515 6.87583757009 0.0916219766265 1.47192639773 0.431936115027 0.526738573148
516 6.88918869159 0.0582979560905 1.48536987343 0.392034301906 0.508536699886
517 6.90253981308 0.0261106725758 1.497267243 0.351441219678 0.490608062613
518 6.91589093458 -0.00482905390546 1.50737605523 0.310430800761 0.47323788929
519 6.92924205607 -0.03442062721 1.51547189088 0.26927838012 0.456711068227
520 6.94259317757 -0.0625743768716 1.52135111307 0.228257842816 0.441308871742
521 6.95594429907 -0.0892121786665 1.52483336205 0.18763880444 0.427305672927
522 6.96929542056 -0.114267988552 1.52576376436 0.147683858184 0.41496569497
523 6.98264654206 -0.137688285268 1.52401482956 0.108645921368 0.404539832461
524 6.99599766355 -0.159432417589 1.51948801172 0.0707657128215 0.396262583656
525 7.00934878505 -0.179472852978 1.51211491705 0.0342693907733 0.390349131636
526 7.02269990654 -0.19779532516 1.50185814313 -0.000633621255909 0.386992610905
527 7.03605102804 -0.214398878936 1.48871173998 -0.0337525955565 0.386361594017
528 7.04940214953 -0.229295811367 1.4727012878 -0.0649172261296 0.388597830483
529 7.06275327103 -0.242511509327 1.45388359062 -0.0939791002622 0.393814267447
530 7.07610439252 -0.254084184187 1.43234599018 -0.120812899965 0.402093378454
531 7.08945551402 -0.264064505309 1.4082053088 -0.145317320965 0.413485823168
532 7.10280663551 -0.272515134766 1.38160643436 -0.167415700575 0.428009457066
533 7.11615775701 -0.279510166578 1.35272056527 -0.187056349519 0.445648706097
534 7.1295088785 -0.285134474492 1.32174313703 -0.20421258656 0.466354317014
535 7.14286 -0.289482973107 1.28889145613 -0.218882478566 0.490043489657
536 7.1562111215 -0.292659797846 1.25440207036 -0.231088292364 0.516600392934
537 7.16956224299 -0.294777409977 1.21852790802 -0.240875668389 0.545877061645
538 7.18291336449 -0.295955633476 1.18153522115 -0.248312529573 0.577694666727
539 7.19626448598 -0.296320631133 1.14370037028 -0.253487742236 0.611845146951
540 7.20961560748 -0.296003827798 1.10530649002 -0.256509548764 0.648093185718
541 7.22296672897 -0.295140789118 1.06664007657 -0.25750379466 0.686178512365
542 7.23631785047 -0.293870064523 1.02798753853 -0.256611974981 0.725818503351
543 7.24966897196 -0.292332003501 0.989631753414 -0.253989127334 0.766711055018
544 7.26302009346 -0.290667554503 0.951848671775 -0.249801600321 0.808537696142
545 7.27637121495 -0.289017055928 0.914904010282 -0.244224727708 0.850966905497
546 7.28972233645 -0.287519028786 0.879050074097 -0.237440439545 0.893657596994
547 7.30307345794 -0.286308980624 0.844522747109 -0.229634841988 0.936262732743
548 7.31642457944 -0.285518230255 0.81153868661 -0.220995797713 0.978433022683
549 7.32977570093 -0.285272762701 0.780292756373 -0.211710538474 1.01982066816
550 7.34312682243 -0.285692123525 0.750955729217 -0.201963340678 1.06008310611
551 7.35647794393 -0.286888361467 0.72367228677 -0.191933293652 1.09888671031
552 7.36982906542 -0.288965027923 0.698559340498 -0.181792188841 1.13591040647
553 7.38318018692 -0.292016241396 0.675704694125 -0.171702556212 1.1708491587
554 7.39653130841 -0.296125824527 0.655166063358 -0.161815871974 1.20341728642
555 7.40988242991 -0.301366520774 0.636970464483 -0.152270959143 1.2333515725
556 7.4232335514 -0.307799297205 0.621113978842 -0.143192599713 1.26041412568
557 7.4365846729 -0.315472739164 0.607561895638 -0.13469037411 1.28439496346
558 7.44993579439 -0.324422541894 0.596249230873 -0.126857740414 1.3051142843
559 7.46328691589 -0.334671103416 0.587081615641 -0.119771362402 1.32242440227
560 7.47663803738 -0.346227222186 0.579936542492 -0.113490692013 1.33621132046
561 7.48998915888 -0.359085902208 0.574664954236 -0.108057808281 1.34639592448
562 7.50334028037 -0.373228267461 0.571093155377 -0.103497511228 1.35293478112
563 7.51669140187 -0.388621586615 0.569025022454 -0.0998176657064 1.35582053249
564 7.53004252336 -0.405219408143 0.568244485962 -0.0970097867585 1.35508188043
565 7.54339364486 -0.422961805072 0.568518253212 -0.0950498547785 1.35078316092
566 7.55674476636 -0.441775727736 0.569598738607 -0.0938993456486 1.34302351328
567 7.57009588785 -0.461575462036 0.571227165306 -0.0935064581435 1.33193565341
568 7.58344700935 -0.482263189898 0.573136800194 -0.0938075182647 1.3176842656
569 7.59679813084 -0.503729647761 0.575056282513 -0.0947285378353 1.30046403152
570 7.61014925234 -0.525854878206 0.576713005373 -0.0961869026765 1.28049731966
571 7.62350037383 -0.548509069045 0.577836508813 -0.098093164031 1.25803156245
572 7.63685149533 -0.571553473519 0.578161842944 -0.100352905614 1.2333363522
573 7.65020261682 -0.594841404609 0.577432860148 -0.102868657776 1.20670029019
574 7.66355373832 -0.618219295859 0.575405396217 -0.105541829776 1.17842762634
575 7.67690485981 -0.641527820592 0.5718503017 -0.108274631053 1.14883472956
576 7.69025598131 -0.664603060936 0.566556286633 -0.110971952747 1.11824643056
577 7.7036071028 -0.687277717659 0.559332544116 -0.113543181377 1.08699228097
578 7.7169582243 -0.70938235153 0.550011120971 -0.115903917769 1.05540277303
579 7.73030934579 -0.730746646612 0.538449006812 -0.117977575737 1.02380556521
580 7.74366046729 -0.751200685783 0.524529916354 -0.11969683692 0.992521758518
581 7.75701158879 -0.770576228624 0.508165743554 -0.121004940313 0.961862267999
582 7.77036271028 -0.788707981849 0.489297670204 -0.121856787486 0.932124332546
583 7.78371383178 -0.805434852459 0.467896915844 -0.122219847238 0.903588204604
584 7.79706495327 -0.820601173983 0.443965120252 -0.122074846353 0.876514059053
585 7.81041607477 -0.834057896365 0.417534354272 -0.121416236288 0.851139157923
586 7.82376719626 -0.845663730336 0.388666759272 -0.120252428856 0.827675304449
587 7.83711831776 -0.855286237493 0.357453820065 -0.118605797381 0.806306616458
588 7.85046943925 -0.862802857727 0.324015280609 -0.116512443186 0.787187645137
589 7.86382056075 -0.868101866134 0.288497716108 -0.114021730692 0.770441861035
590 7.87717168224 -0.871083252117 0.251072779379 -0.111195597797 0.756160524625
591 7.89052280374 -0.871659514001 0.211935143243 -0.108107651469 0.744401954065
592 7.90387392523 -0.86975636313 0.171300164423 -0.104842061605 0.735191197913
593 7.91722504673 -0.865313332171 0.129401297793 -0.101492269208 0.728520115575
594 7.93057616822 -0.858284283068 0.0864872928112 -0.0981595276208 0.724347863292
595 7.94392728972 -0.848637810908 0.0428192066335 -0.0949512980646 0.72260177847
596 7.95727841121 -0.836357540765 -0.00133272944551 -0.0919795228782 0.723178650287
597 7.97062953271 -0.821442315432 -0.0456923517957 -0.0893588017238 0.725946359752
598 7.98398065421 -0.803906272823 -0.0899808748187 -0.0872044975145 0.73074586788
599 7.9973317757 -0.78377881266 -0.133920229401 -0.0856307999464 0.737393526368
600 8.0106828972 -0.761104452958 -0.177236388682 -0.0847487752574 0.74568368118
601 8.02403401869 -0.735942577651 -0.219662640581 -0.0846644311668 0.755391535912
602 8.03738514019 -0.70836707757 -0.260942767208 -0.085476825886 0.766276238566
603 8.05073626168 -0.678465887798 -0.300834092498 -0.0872762496147 0.778084152674
604 8.06408738318 -0.646340425217 -0.339110361033 -0.0901425060641 0.790552271461
605 8.07743850467 -0.612104930849 -0.375564413154 -0.094143320288 0.803411731964
606 8.09078962617 -0.575885722307 -0.410010623971 -0.0993328974702 0.816391384888
607 8.10414074766 -0.537820362338 -0.442287076829 -0.105750655331 0.829221375251
608 8.11749186916 -0.498056750109 -0.472257445024 -0.113420150514 0.841636688828
609 8.13084299065 -0.456752142426 -0.499812559223 -0.122348216704 0.853380619854
610 8.14419411215 -0.414072112607 -0.524871641835 -0.132524329383 0.864208116437
611 8.15754523364 -0.370189455187 -0.547383193727 -0.143920209036 0.87388896172
612 8.17089635514 -0.325283045009 -0.567325522912 -0.156489671382 0.882210750901
613 8.18424747664 -0.279536659565 -0.584706909235 -0.170168729788 0.888981626771
614 8.19759859813 -0.233137773713 -0.599565403513 -0.184875951573 0.894032739521
615 8.21094971963 -0.186276336039 -0.611968264089 -0.200513066372 0.897220399981
616 8.22430084112 -0.139143536241 -0.622011038134 -0.216965821207 0.898427899346
617 8.23765196262 -0.0919305729265 -0.629816299404 -0.234105073488 0.897566972627
618 8.25100308411 -0.0448274311497 -0.635532058307 -0.251788109759 0.894578887514
619 8.26435420561 0.00197832111448 -0.639329864124 -0.269860174842 0.889435145094
620 8.2777053271 0.0483027085692 -0.641402622976 -0.288156192977 0.88213778369
621 8.2910564486 0.093966487559 -0.641962158541 -0.306502659801 0.872719282109
622 8.30440757009 0.138796240035 -0.641236545655 -0.324719681469 0.86124206362
623 8.31775869159 0.182625414571 -0.639467249652 -0.342623135039 0.847797606989
624 8.33110981308 0.225295306966 -0.636906106625 -0.360026922353 0.832505175866
625 8.34446093458 0.266655973476 -0.633812181698 -0.376745288173 0.815510182623
626 8.35781205607 0.306567070338 -0.630448543832 -0.392595172178 0.796982207339
627 8.37116317757 0.344898613859 -0.627078996645 -0.407398563744 0.777112697012
628 8.38451429907 0.381531656027 -0.623964805241 -0.420984828114 0.756112374102
629 8.39786542056 0.416358871319 -0.621361459003 -0.4331929727 0.734208387207
630 8.41121654206 0.449285051117 -0.619515509844 -0.443873822773 0.711641239963
631 8.42456766355 0.480227502921 -0.618661524411 -0.45289207678 0.688661537064
632 8.43791878505 0.509116352335 -0.619019187312 -0.460128212869 0.665526588694
633 8.45126990654 0.535894746584 -0.620790590547 -0.465480219943 0.642496916451
634 8.46462102804 0.560518959146 -0.624157741964 -0.468865128688 0.619832705185
635 8.47797214953 0.582958395877 -0.629280322908 -0.470220320451 0.597790245898
636 8.49132327103 0.603195503773 -0.636293722085 -0.469504594609 0.576618415047
637 8.50467439252 0.621225584349 -0.645307369296 -0.466698978085 0.556555235224
638 8.51802551402 0.637056514292 -0.65640338898 -0.461807263935 0.537824561218
639 8.53137663551 0.65070837685 -0.669635589589 -0.454856269373 0.520632934007
640 8.54472775701 0.662213008053 -0.685028800684 -0.44589580719 0.505166643192
641 8.5580788785 0.671613462555 -0.702578565378 -0.434998368222 0.491589035848
642 8.57143 0.678963404467 -0.722251191425 -0.422258516259 0.480038106774
643 8.5847811215 0.684326429138 -0.743984159838 -0.407792000515 0.470624401673
644 8.59813224299 0.687775322325 -0.767686885575 -0.391734594515 0.46342926096
645 8.61148336449 0.689391263652 -0.793241820546 -0.374240673783 0.458503427685
646 8.62483448598 0.689262981652 -0.820505885006 -0.355481548234 0.455866038585
647 8.63818560748 0.68748586798 -0.84931220943 -0.335643568378 0.455504012542
648 8.65153672897 0.684161058683 -0.879472165183 -0.314926027507 0.4573718458
649 8.66488785047 0.679394490569 -0.910777658816 -0.293538884761 0.461391818256
650 8.67823897196 0.673295940845 -0.943003661624 -0.271700336424 0.467454610051
651 8.69159009346 0.665978058245 -0.975910943271 -0.249634264885 0.47542032255
652 8.70494121495 0.657555393841 -1.00924897584 -0.227567596423 0.485119892815
653 8.71829233645 0.648143439658 -1.04275897264 -0.20572760031 0.496356885714
654 8.73164345794 0.637857683012 -1.07617702447 -0.184339162614 0.508909643137
655 8.74499457944 0.626812684321 -1.10923729496 -0.1636220686 0.522533765273
656 8.75834570093 0.615121185796 -1.14167523591 -0.143788327636 0.536964894761
657 8.77169682243 0.602893258108 -1.1732307833 -0.125039574162 0.551921770695
658 8.78504794393 0.590235491687 -1.2036514951 -0.107564577424 0.56710951605
659 8.79839906542 0.577250238867 -1.23269559252 -0.0915368914577 0.582223119127
660 8.81175018692 0.564034912568 -1.26013486788 -0.0771126751417 0.596951067108
661 8.82510130841 0.550681346652 -1.28575742367 -0.0644287101012 0.610979087853
662 8.83845242991 0.537275222493 -1.30937020966 -0.0536006418509 0.623993954609
663 8.8518035514 0.523895565649 -1.33080132741 -0.0447214668317 0.635687307421
664 8.8651546729 0.510614315918 -1.34990207432 -0.0378602849682 0.645759444704
665 8.87850579439 0.497495973292 -1.36654870269 -0.0330613340965 0.653923038694
666 8.89185691589 0.484597321711 -1.38064387273 -0.0303433191077 0.659906729295
667 8.90520803738 0.471967231744 -1.39211778215 -0.0296990449912 0.663458552223
668 8.91855915888 0.459646542628 -1.40092895917 -0.0310953591663 0.664349159253
669 8.93191028037 0.447668023409 -1.40706470954 -0.0344734046298 0.662374790821
670 8.94526140187 0.436056412175 -1.41054121282 -0.0397491815595 0.657359964125
671 8.95861252336 0.424828531725 -1.41140326709 -0.0468144111489 0.64915984327
672 8.97196364486 0.413993479317 -1.4097236858 -0.0555376916676 0.637662261773
673 8.98531476636 0.403552887513 -1.40560235466 -0.0657659330775 0.622789371887
674 8.99866588785 0.393501252521 -1.39916496045 -0.0773260530508 0.604498899677
675 9.01201700935 0.383826325846 -1.39056140784 -0.0900269139614 0.582784989501
676 9.02536813084 0.374509564554 -1.37996394406 -0.103661477416 0.557678626462
677 9.03871925234 0.365526634939 -1.36756501453 -0.118009150175 0.529247630487
678 9.05207037383 0.35684796396 -1.35357487625 -0.132838292932 0.497596220812
679 9.06542149533 0.348439332435 -1.33821899826 -0.14790886142 0.462864154821
680 9.07877261682 0.340262503639 -1.32173528139 -0.162975147669 0.425225450326
681 9.09212373832 0.332275880701 -1.30437113126 -0.177788588033 0.384886705334
682 9.10547485981 0.324435185979 -1.28638042075 -0.192100603827 0.342085034247
683 9.11882598131 0.316694155456 -1.26802037896 -0.205665440045 0.297085643994
684 9.1321771028 0.309005241135 -1.24954844489 -0.218242967726 0.250179077963
685 9.1455282243 0.301320314361 -1.23121912416 -0.229601416062 0.201678159546
686 9.15887934579 0.293591363104 -1.21328088731 -0.23952000129 0.151914670762
687 9.17223046729 0.285771176308 -1.19597314729 -0.247791420796 0.101235804539
688 9.18558158879 0.277814008605 -1.17952335307 -0.254224182626 0.0500004319966
689 9.19893271028 0.269676218943 -1.16414423454 -0.25864474274 -0.00142477178303
690 9.21228383178 0.261316876955 -1.15003123226 -0.260899424865 -0.0526692982691
691 9.22563495327 0.252698331266 -1.13736014299 -0.260856100586 -0.103362825976
692 9.23898607477 0.243786734319 -1.12628500949 -0.258405610424 -0.153139244022
693 9.25233719626 0.234552518772 -1.11693628003 -0.253462909968 -0.201640631856
694 9.26568831776 0.22497082101 -1.10941925958 -0.245967928638 -0.248521148793
695 9.27903943925 0.215021847844 -1.10381287118 -0.235886132342 -0.293450788128
696 9.29239056075 0.204691183031 -1.10016874211 -0.223208785021 -0.336118952254
697 9.30574168224 0.193970030888 -1.09851062561 -0.207952907933 -0.376237807377
698 9.31909280374 0.182855394827 -1.09883416457 -0.190160939299 -0.413545379121
699 9.33244392523 0.17135018935 -1.10110699962 -0.169900100725 -0.447808353413
700 9.34579504673 0.159463284632 -1.10526921977 -0.147261480472 -0.47882455063
701 9.35914616822 0.147209483526 -1.11123414956 -0.122358847163 -0.506425044906
702 9.37249728972 0.134609431439 -1.11888946259 -0.0953272108536 -0.530475904759
703 9.38584841121 0.12168946021 -1.12809860734 -0.0663211514698 -0.550879535749
704 9.39919953271 0.108481367752 -1.1387025274 -0.0355129374633 -0.567575610626
705 9.41255065421 0.095022135819 -1.15052165455 -0.00309046001892 -0.580541577356
706 9.4259017757 0.0813535888885 -1.16335815017 0.0307449896639 -0.589792740448
707 9.4392528972 0.0675219976998 -1.17699836698 0.0657810707034 -0.595381916047
708 9.45260401869 0.0535776315213 -1.19121550081 0.101796839755 -0.597398666325
709 9.46595514019 0.039574263723 -1.20577239977 0.138565263395 -0.595968123658
710 9.47930626168 0.0255686356795 -1.22042449624 0.175855763359 -0.591249419891
711 9.49265738318 0.0116198844296 -1.2349228257 0.213436762176 -0.583433740629
712 9.50600850467 -0.0022110601228 -1.24901709533 0.251078197012 -0.572742028837
713 9.51935962617 -0.015862102387 -1.26245876499 0.288553970212 -0.559422366107
714 9.53271074766 -0.029270626321 -1.27500410281 0.325644306168 -0.543747063636
715 9.54606186916 -0.0423741522182 -1.28641717818 0.362137985584 -0.526009498269
716 9.55941299065 -0.0551109984201 -1.29647275572 0.397834430138 -0.506520731817
717 9.57276411215 -0.0674209412689 -1.30495905492 0.432545612701 -0.485605954251
718 9.58611523364 -0.0792458666188 -1.31168034221 0.466097770844 -0.463600793258
719 9.59946635514 -0.0905304062877 -1.3164593238 0.498332904147 -0.440847534019
720 9.61281747664 -0.101222552965 -1.31913931055 0.529110038895 -0.417691293912
721 9.62616859813 -0.111274247269 -1.31958612882 0.558306246985 -0.394476197101
722 9.63951971963 -0.120641930918 -1.31768975426 0.585817409286 -0.371541593767
723 9.65287084112 -0.129287060244 -1.31336564904 0.611558717194 -0.349218367894
724 9.66622196262 -0.137176574698 -1.30655578679 0.635464909736 -0.32782537625
725 9.67957308411 -0.144283315335 -1.29722935308 0.657490247124 -0.307666059333
726 9.69292420561 -0.150586388795 -1.28538311344 0.677608225258 -0.289025262766
727 9.7062753271 -0.156071472746 -1.27104144504 0.69581103913 -0.272166304862
728 9.7196264486 -0.160731059317 -1.25425603201 0.712108806432 -0.257328322869
729 9.73297757009 -0.164564633631 -1.23510522879 0.726528565847 -0.244723926869
730 9.74632869159 -0.167578785142 -1.21369309977 0.739113067446 -0.234537186419
731 9.75967981308 -0.169787250092 -1.19014814738 0.749919375342 -0.226921970816
732 9.77303093458 -0.171210884086 -1.16462174482 0.759017305119 -0.222000659497
733 9.78638205607 -0.171877564413 -1.13728629279 0.766487720697 -0.219863234499
734 9.79973317757 -0.171822022395 -1.10833312338 0.772420716977 -0.220566762194
735 9.81308429907 -0.171085606749 -1.07797017699 0.776913716023 -0.224135266781
736 9.82643542056 -0.169715979559 -1.04641948104 0.780069505478 -0.230559993256
737 9.83978654206 -0.167766747132 -1.01391446151 0.781994248522 -0.239800052866
738 9.85313766355 -0.16529702862 -0.980697120442 0.782795494817 -0.251783439503
739 9.86648878505 -0.162370965914 -0.947015114061 0.782580221653 -0.266408401069
740 9.87983990654 -0.159057178858 -0.913118767285 0.78145293389 -0.283545145635
741 9.89319102804 -0.155428170419 -0.879258061223 0.779513850194 -0.303037858357
742 9.90654214953 -0.151559686893 -0.845679630416 0.776857201709 -0.324707001464
743 9.91989327103 -0.147530038745 -0.812623806481 0.773569667485 -0.348351866456
744 9.93324439252 -0.143419388027 -0.780321744133 0.76972896889 -0.373753344789
745 9.94659551402 -0.139309008734 -0.748992664522 0.76540264282 -0.400676880962
746 9.95994663551 -0.13528052671 -0.718841249341 0.760647010826 -0.428875569958
747 9.97329775701 -0.131415145993 -0.690055217229 0.755506358378 -0.458093359594
748 9.9866488785 -0.127792868643 -0.662803111746 0.750012335365 -0.488068317316
749 10.0 -0.124491715236 -0.637232327555 0.744183585672 -0.518535920601
